0.004,-2.9324703,0.42405602,0.97474873,0.006,0.022321017,0.505998,0.101867884
0.014,-2.799735,0.9969305,-0.1742004,0.016,0.038814377,0.35083824,0.07193549
0.024,-2.996951,1.2321737,-0.034957916,0.026,0.05286428,0.28058875,0.05910732
0.034,-2.730225,1.5961978,-0.0879904,0.036,0.06263812,0.20911749,0.04444655
0.044,-2.231833,1.780145,-0.2344833,0.046,0.07119024,0.15291789,0.036505304
0.054,-1.6896124,1.8937945,-0.28482702,0.056,0.08707273,0.1229855,0.032229245
0.064,-0.60658455,1.5531843,-0.10339609,0.066,0.11883773,0.11687684,0.028564055
0.074,-0.16654205,1.2279806,-0.25595686,0.077,0.15915483,0.120542035,0.020622807
0.084,0.12498474,0.74379706,-0.5706424,0.086,0.17625906,0.1407006,0.020622807
0.099,0.37588692,0.16163376,-0.8635066,0.099,0.18908723,0.14803097,0.028564055
0.105,0.4376936,-0.3070736,-1.1254916,0.106,0.19214156,0.15352876,0.051776934
0.115,0.5270691,-0.5062144,-1.4294202,0.117,0.16648522,0.15169616,0.08598539
0.124,0.47634697,-0.4639672,-1.542942,0.126,0.12738985,0.17185472,0.12691335
0.134,0.41132832,-0.21129149,-1.5896769,0.136,0.07974236,0.20667402,0.16417614
0.144,0.13457108,0.13723172,-1.6093326,0.146,0.01804496,0.27325836,0.16845219
0.154,-0.11325741,0.438838,-1.8146985,0.156,-0.011276572,0.31418633,0.15318055
0.164,-0.35044098,0.8136784,-2.0025213,0.166,-0.03326772,0.36366642,0.12080471
0.174,-0.5532217,1.1701293,-2.3524628,0.176,-0.06258926,0.40520525,0.079876736
0.184,-0.8630104,1.5220565,-2.6992793,0.186,-0.09740858,0.42047688,0.038948767
0.194,-1.1553116,1.8339857,-2.9816532,0.202,-0.13161702,0.38993362,0.00229685
0.204,-1.2652092,2.158545,-3.216777,0.206,-0.20553172,0.33923182,-0.0337442
0.215,-1.6381292,2.2772324,-3.4512196,0.216,-0.29532892,0.2689823,-0.08261342
0.225,-1.6803198,2.4021728,-3.7050872,0.226,-0.39428908,0.17246558,-0.118654475
0.235,-1.5952158,2.6017454,-3.8193445,0.236,-0.5201273,0.07717061,-0.13820216
0.244,-1.5021076,2.7138023,-3.515033,0.247,-0.64107865,-4.0927902E-4,-0.14369994
0.254,-1.0281839,2.8559809,-2.8962703,0.257,-0.7052195,-0.07676743,-0.17057802
0.265,-0.86504745,2.6762996,-2.0727515,0.267,-0.69483477,-0.13846482,-0.19562349
0.274,-0.7873993,2.181293,-1.5248837,0.277,-0.64230037,-0.17756021,-0.21700378
0.284,-1.0500622,1.467876,-0.7559686,0.286,-0.4272758,-0.23070548,-0.20967339
0.295,-1.2078543,0.6820029,-0.15568975,0.296,-0.22752286,-0.24597712,-0.2078408
0.304,-1.0154715,-0.10866992,-0.14774024,0.307,-0.027159069,-0.2795747,-0.21456032
0.315,-1.0561695,-0.94015265,-0.5551263,0.316,0.15182446,-0.40968898,-0.21272773
0.325,-0.5209751,-1.4970144,-1.0588456,0.326,0.3143146,-0.57462263,-0.24021666
0.335,0.7770233,-2.3936942,-1.3847225,0.336,0.47802648,-0.7627691,-0.31352046
0.345,2.6441822,-5.003322,-1.4537469,0.346,0.6466253,-1.0431563,-0.34406373
0.354,3.4648418,-5.7483354,-0.7556015,0.356,0.7400877,-1.3180456,-0.32451606
0.365,3.5366545,-6.064605,0.42216337,0.366,0.711377,-1.3962364,-0.26220778
0.375,2.5132866,-5.8122544,2.874503,0.377,0.5995887,-1.3443128,-0.14736514
0.385,2.523364,-4.5611753,4.4563465,0.386,0.59164745,-1.0590388,0.006572906
0.395,2.4203424,-4.00732,5.8937616,0.396,0.4835243,-0.7823168,0.088428855
0.407,2.7785234,-2.7368648,5.983272,0.408,0.4725287,-0.20871434,0.13729806
0.414,3.0358467,-1.9381261,4.466556,0.416,0.493909,0.20545231,0.14951538
0.424,3.2120428,-1.5011948,2.9911962,0.427,0.5061263,0.41375735,0.104922205
0.435,3.262395,-1.0873244,1.814249,0.437,0.60814077,0.3092994,0.07315722
0.444,3.4723864,-0.3328411,0.5110037,0.447,0.6722816,0.0020341836,0.038948767
0.454,3.6604261,0.72355014,0.21750352,0.456,0.6881641,-0.33333084,0.010238098
0.464,3.988841,1.4944737,0.88319445,0.466,0.63013196,-0.54102504,-0.04290718
0.474,4.660578,1.8744717,1.6734214,0.477,0.50368285,-0.5648488,-0.12903918
0.484,5.183729,2.0271842,2.5543997,0.486,0.34363613,-0.4200737,-0.23288627
0.494,5.2077637,1.8237892,3.293745,0.497,0.19275242,-0.15984511,-0.33184642
0.508,4.0140095,1.2558427,3.9198115,0.508,0.08951619,0.15658309,-0.3483398
0.515,2.5016937,0.8087621,3.600503,0.516,-0.033878587,0.4943916,-0.3025249
0.524,1.351327,0.61429775,3.3032157,0.526,-0.13528222,0.8205936,-0.24082752
0.535,-0.004719734,0.25492927,1.6861609,0.536,-0.29838324,1.0069075,-0.17851926
0.544,-1.4982939,-0.04111381,1.270283,0.547,-0.38390437,1.1241937,-0.088722065
0.554,-2.7183166,-0.1303098,0.4158382,0.556,-0.44804522,1.1333566,-0.001368342
0.565,-3.7690272,-0.2367875,-0.12452245,0.567,-0.49141666,1.0221791,0.10675481
0.575,-4.628315,-0.29291123,-0.59135497,0.576,-0.51646215,0.8541912,0.15318055
0.585,-5.2753577,-0.32058862,-1.1613884,0.586,-0.5060774,0.6391666,0.17211738
0.595,-5.538448,-0.35409606,-1.2603782,0.596,-0.47736675,0.41070303,0.16173267
0.605,-5.6406894,-0.45419398,-1.352064,0.612,-0.44865608,0.18285029,0.13118942
0.615,-5.3202314,-0.61969984,-1.547668,0.616,-0.4327736,-0.043169845,0.08415279
0.625,-4.24809,-1.2222388,-1.583132,0.626,-0.44071484,-0.22704029,0.038948767
0.634,-3.3254347,-1.4352155,-1.4894775,0.637,-0.48408628,-0.35471112,0.012070693
0.645,-2.2811646,-1.4573214,-1.045764,0.646,-0.56533134,-0.41763023,0.004129445
0.655,-0.9183712,-1.0716373,-0.53301907,0.656,-0.64107865,-0.4200737,-0.006866129
0.665,0.37057686,-0.7292367,0.13062134,0.666,-0.69178045,-0.37364793,-0.04046372
0.675,1.3438883,-0.30779988,0.5143541,0.676,-0.7137716,-0.28446162,-0.08078082
0.684,1.9584341,-0.09683365,0.9550129,0.687,-0.70766294,-0.11891714,-0.11254582
0.695,2.2825222,-0.09640987,1.2389462,0.696,-0.65879375,0.09977262,-0.13270438
0.705,2.1701984,-0.4882701,0.9593934,0.706,-0.56472045,0.32579276,-0.15041946
0.715,1.7065239,-0.96030116,0.15511224,0.716,-0.41933456,0.5182153,-0.13392611
0.724,0.9801893,-1.285833,-0.75615335,0.726,-0.36802188,0.56647366,-0.0917764
0.734,0.13932133,-1.4598544,-1.6153835,0.737,-0.36313495,0.56158674,-0.018472567
0.744,-0.6080246,-1.3684239,-1.9930549,0.746,-0.38085005,0.5200479,0.063994244
0.754,-1.1986427,-1.394716,-1.8295565,0.756,-0.37535226,0.48706117,0.14768277
0.764,-1.6515789,-1.2143703,-1.4009886,0.766,-0.3344243,0.45407447,0.22037573
0.774,-1.8146725,-0.8153353,-0.95323014,0.776,-0.25195748,0.4149791,0.25214073
0.784,-1.9549379,-0.6200042,-0.62793607,0.787,-0.11634539,0.35755777,0.25947112
0.794,-1.8666191,-0.59820056,-0.7003449,0.796,0.032705724,0.29524952,0.24114516
0.804,-1.5296049,-0.719239,-1.1619997,0.806,0.15854397,0.25248894,0.20388238
0.817,-1.0410175,-1.1354262,-2.0358548,0.817,0.25017375,0.20056538,0.16356526
0.824,-0.23474312,-1.3364663,-3.0229192,0.826,0.30881682,0.09488569,0.104922205
0.834,0.50463486,-1.3441349,-3.7572103,0.837,0.34669048,-0.037061192,0.026120594
0.845,0.8729334,-1.1181676,-4.088396,0.846,0.37906632,-0.18611231,-0.045961503
0.855,0.8703356,-0.61010504,-4.089506,0.857,0.39800316,-0.35959804,-0.121708795
0.864,0.44563103,-0.020141155,-3.602202,0.866,0.40166834,-0.4200737,-0.14308909
0.875,-0.10685921,0.53060883,-3.0714924,0.877,0.41388565,-0.4939884,-0.14553255
0.884,-0.4504795,0.82249796,-2.387202,0.886,0.4407637,-0.57584435,-0.12781745
0.894,-0.5682249,0.9926897,-1.8449633,0.896,0.43282247,-0.65525687,-0.08322428
0.904,-0.5184784,1.1124753,-1.4584464,0.906,0.3845641,-0.767656,0.0016859844
0.918,0.872139,1.622596,-0.28195524,0.919,0.30698422,-0.87639004,0.112863466
0.924,1.8547449,2.1394536,0.760093,0.927,0.22512828,-0.93320054,0.21304536
0.934,2.9044876,2.7868679,1.7251643,0.936,0.14877012,-0.9124311,0.31689247
0.944,3.6865616,3.1435907,2.6370647,0.946,0.012547173,-0.7511627,0.37797898
0.954,3.256649,2.5063748,4.2379684,0.956,-0.09435424,-0.5294186,0.37797898
0.964,2.3748865,1.7591239,5.34461,0.967,-0.06930877,-0.3321091,0.3565987
0.975,1.4330387,1.3423227,4.109565,0.976,-0.17315586,-0.15679078,0.3040643
0.984,1.2667475,1.4578414,3.1412985,0.987,-0.34053293,0.1193203,0.27291018
0.994,1.7767277,2.1466496,1.3537381,0.997,-0.56716394,0.22622173,0.18861075
1.004,2.4921837,2.5202372,0.082387775,1.006,-0.7162151,0.13275935,0.11103086
1.015,3.2440605,2.3512416,-0.49887365,1.022,-0.8054014,-0.07188051,0.005962041
1.024,3.6159706,1.6764051,-0.24644262,1.027,-0.8383881,-0.28873768,-0.11254582
1.035,3.4978275,0.6505875,0.88769877,1.036,-0.81639695,-0.40785637,-0.21639292
1.044,3.132372,-0.4441858,2.1141257,1.046,-0.78463197,-0.39258474,-0.2866424
1.054,2.5250301,-1.4161327,3.2461622,1.056,-0.7351519,-0.27346605,-0.30985528
1.064,1.7338829,-2.226717,4.146979,1.066,-0.666735,-0.07310224,-0.28908587
1.074,1.005394,-2.8120294,4.630114,1.077,-0.57144,0.15291789,-0.22861022
1.085,0.25836468,-3.1694067,4.6861715,1.086,-0.44376916,0.36733162,-0.13698043
1.094,-0.30073738,-2.9349825,4.3137083,1.096,-0.28738767,0.5347087,-0.03740939
1.104,-0.79206085,-2.6458492,3.467252,1.106,-0.15788423,0.6458861,0.0664377
1.114,-1.4340467,-2.0944405,2.897374,1.116,-0.027159069,0.70880526,0.15745662
1.124,-1.9426303,-1.4638526,2.2746227,1.126,0.09134878,0.7307964,0.2332039
1.134,-2.2878118,-0.8272028,1.592544,1.136,0.17625906,0.70880526,0.28940353
1.144,-2.5823503,-0.21817717,1.0932009,1.147,0.26239106,0.6727642,0.2936796
1.154,-2.8016248,0.32311112,0.6241911,1.156,0.29110172,0.61717546,0.27352104
1.165,-3.0097032,0.8661086,0.14412326,1.166,0.30942768,0.52676743,0.24236688
1.175,-3.0818977,1.1367229,-0.23945111,1.176,0.33141884,0.43513766,0.19044334
1.184,-3.1120052,1.3729084,-0.45040977,1.186,0.3515774,0.3447296,0.13790894
1.194,-2.8284173,1.4988015,-0.81983465,1.196,0.37906632,0.24332596,0.08598539
1.204,-2.536447,1.2540791,-1.0100352,1.206,0.41205305,0.12909415,0.03406184
1.214,-2.0266466,0.8649126,-1.1698451,1.217,0.4358768,0.027690519,0.00229685
1.227,-1.5956306,0.33183777,-0.819246,1.228,0.4639766,-0.07493484,-0.014807377
1.235,-1.1438808,-0.2745733,-0.6377169,1.237,0.50307196,-0.12441492,-0.005033534
1.245,-0.49249268,-0.6672057,-0.6128069,1.246,0.5342261,-0.15007126,0.023677133
1.254,0.1373272,-0.87678814,-0.66294605,1.256,0.5501086,-0.15007126,0.076822415
1.265,0.80093575,-0.9988126,-0.60350657,1.266,0.57026714,-0.13663223,0.1507371
1.275,1.4291058,-0.90689737,-0.65251756,1.276,0.5995887,-0.1036455,0.26313633
1.285,1.827054,-0.7093036,-0.6888661,1.286,0.60691905,0.038075235,0.3284989
1.295,1.9893436,-0.31533498,-0.5068664,1.296,0.5995887,0.20178711,0.34865746
1.306,1.7985373,0.24351564,-0.8106711,1.307,0.6044756,0.32640365,0.31933594
1.315,1.2815838,0.7465876,-1.2077228,1.317,0.5788193,0.44796583,0.27474275
1.329,0.8942642,1.3491216,-1.6331968,1.329,0.55255204,0.5505912,0.21121275
1.334,0.46359348,1.9752947,-2.34336,1.336,0.5104023,0.6116777,0.1263025
1.344,-0.16736698,2.534289,-3.1836536,1.346,0.42304862,0.62084067,0.05605299
1.354,-0.3053131,3.1924243,-3.8213043,1.356,0.3338623,0.5481477,-0.04412891
1.364,-0.6620712,3.6319966,-3.9335248,1.366,0.27155405,0.40215093,-0.13514784
1.374,-0.9914236,3.9186664,-3.9724255,1.376,0.19458503,0.2537107,-0.21272773
1.384,-0.95768833,4.0296865,-4.0573564,1.386,0.08524014,0.14253318,-0.29580536
1.394,-1.0531769,3.8726609,-3.91812,1.396,-0.037543777,0.055179458,-0.36238968
1.404,-0.94898796,3.4520245,-3.6410437,1.406,-0.14200173,-0.006517932,-0.41920015
1.414,-1.0944996,2.7296553,-3.2328758,1.416,-0.23118806,-0.004074469,-0.46318245
1.424,-1.2890692,1.88869,-3.0296707,1.426,-0.31426573,0.0075319707,-0.4589064
1.437,-1.7707634,0.95076287,-2.5390964,1.437,-0.28433332,-0.002241876,-0.4363044
1.444,-2.1256704,0.021473289,-2.1728153,1.446,-0.19148181,-0.044391576,-0.40881544
1.454,-2.3039532,-0.77670485,-2.308499,1.456,-0.07969348,-0.151293,-0.36483315
1.464,-2.3240418,-1.3846436,-2.3173668,1.467,0.09929004,-0.3956391,-0.3165748
1.474,-1.5542431,-1.8961695,-2.008876,1.476,0.32897538,-0.72367376,-0.31413135
1.484,0.7515888,-3.626125,-1.3048398,1.486,0.5458325,-1.0663692,-0.34406373
1.494,2.4970255,-4.599965,-1.2240707,1.496,0.68266636,-1.3809648,-0.37155268
1.504,4.4242105,-5.004162,-1.1658664,1.506,0.6692273,-1.5739982,-0.4100372
1.514,5.477006,-4.6099052,-0.38263094,1.516,0.47863737,-1.5752199,-0.4045394
1.524,5.433299,-3.6070137,2.385621,1.526,0.23306952,-1.4402187,-0.34406373
1.534,4.721936,-2.0345821,6.671416,1.536,0.13472022,-1.1708272,-0.27014905
1.544,3.9632874,-1.6599087,7.951933,1.546,0.17625906,-0.79025805,-0.21944724
1.554,3.4680023,-0.8184777,9.442224,1.556,0.1597657,-0.10914329,-0.13942389
1.564,3.4639473,-0.53512454,8.391078,1.566,0.35340998,0.72163343,-0.025192086
1.574,3.3521948,-0.6224454,6.6857743,1.576,0.5824844,0.8902322,0.03589444
1.584,2.6803179,-0.96483403,4.8371325,1.586,0.78712434,0.8376978,0.11408518
1.594,2.4156246,-1.1548258,3.7534904,1.596,0.9960402,0.714303,0.20327151
1.604,2.0958061,-1.3719391,2.6294675,1.606,1.1304306,0.54387164,0.27474275
1.614,1.4892559,-1.7741364,1.9223628,1.616,1.1609738,0.3905445,0.34865746
1.624,1.1245108,-1.7755827,1.5695086,1.626,1.096833,0.30257988,0.39935926
1.636,0.8815527,-1.4610564,1.3407254,1.636,0.9728273,0.27692357,0.40668964
1.644,0.6297703,-1.1784029,1.1444442,1.646,0.81950015,0.28547567,0.37736812
1.654,0.39298058,-0.83104163,0.9175597,1.656,0.66006434,0.29524952,0.32300112
1.664,0.24278736,-0.2439476,0.5932663,1.666,0.50185025,0.3074668,0.23992343
1.674,-0.05723095,0.37693477,-0.21757191,1.676,0.31126028,0.2970821,0.15928921
1.684,-0.19015121,0.99320793,-0.7462013,1.686,0.10417695,0.28364307,0.057885587
1.694,-0.57982445,1.5294957,-0.81343234,1.696,-0.06564358,0.2457694,-0.027024683
1.704,-1.0227003,1.9183786,-0.78885615,1.706,-0.26783997,0.21339355,-0.11682187
1.714,-1.4600601,2.1497357,-0.45690912,1.716,-0.32281783,0.20728491,-0.14369994
1.724,-1.8556628,2.1893346,-0.24505615,1.726,-0.39245647,0.20117624,-0.15164119
1.734,-2.3386745,1.9002352,0.14773035,1.738,-0.38512608,0.22377826,-0.12109794
1.744,-2.4131656,1.528871,0.43434006,1.746,-0.34969592,0.23171951,-0.08933294
1.754,-2.419157,1.1725854,0.4212463,1.756,-0.30388102,0.2390499,-0.061844002
1.764,-2.6140313,0.46889323,0.28391397,1.766,-0.25134662,0.27570182,-0.031911604
1.774,-2.7031646,1.0871887E-4,-0.02968669,1.776,-0.19270355,0.3092994,-0.007476995
1.784,-2.7405157,-0.3429659,-0.57584,1.786,-0.14811039,0.32334933,0.015735885
1.794,-2.7154703,-0.57920074,-0.97906953,1.796,-0.12062146,0.29463863,0.035283573
1.804,-2.505033,-0.59669745,-1.1952491,1.807,-0.10290636,0.2298869,0.04444655
1.814,-2.0796342,-0.5706465,-1.1141449,1.816,-0.09191078,0.1810177,0.030396651
1.825,-1.5458069,-0.8355714,-1.1736445,1.827,-0.07786088,0.16452433,-1.4661066E-4
1.835,-0.5096388,-1.010433,-1.6275989,1.837,-0.0741957,0.15413962,-0.04107458
1.844,0.4541397,-1.0596733,-2.0450926,1.847,-0.1145128,0.13825713,-0.13636957
1.855,1.3201694,-1.0969211,-2.3753095,1.856,-0.14016913,0.10832474,-0.19134744
1.865,1.774867,-1.1259317,-2.3786097,1.866,-0.16338201,0.05762292,-0.22799934
1.875,1.9427471,-1.1548315,-2.3439848,1.876,-0.17621018,0.0020341836,-0.22311243
1.885,1.4818087,-1.1161311,-1.8198915,1.886,-0.17682105,-0.058441475,-0.18768224
1.895,0.6258621,-1.248098,-0.8367723,1.896,-0.14200173,-0.060274072,-0.11498928
1.905,-0.15770626,-1.3857462,-0.3492448,1.906,-0.07725002,-0.03889379,-0.015418243
1.914,-0.45456982,-1.5086195,-0.08974105,1.916,-0.008222246,0.039907824,0.103089616
1.924,-0.5061741,-1.5492288,0.115075946,1.926,0.08951619,0.13947886,0.19044334
1.934,-0.5698557,-1.5774727,-0.007207155,1.936,0.21840876,0.22011308,0.26008198
1.946,-0.6457958,-1.7226958,-0.3749924,1.947,0.3405818,0.28242135,0.3126164
1.954,-0.75802994,-1.8180332,-0.74596334,1.956,0.45908967,0.31052116,0.34865746
1.965,-0.7440176,-1.8958465,-1.1881852,1.966,0.5782084,0.2866974,0.36637256
1.975,-0.654479,-1.7955654,-1.612948,1.976,0.6838881,0.21828048,0.346214
1.984,-0.6994295,-1.7283261,-1.9622927,1.986,0.77002007,0.08205752,0.27962968
1.994,-0.7336588,-1.5532379,-2.4182034,1.996,0.82133275,0.08205752,0.22831699
2.004,-0.6031275,-1.1763237,-2.975933,2.006,0.7993416,-0.16289943,0.16539787
2.015,-0.61238575,-0.7738175,-3.160532,2.016,0.74986154,-0.2533075,0.10614394
2.025,-0.6536875,-0.37463903,-3.185224,2.026,0.68022287,-0.31317228,0.05605299
2.035,-0.70273876,-0.0118348,-3.257842,2.036,0.57515407,-0.33760688,0.02550973
2.049,-0.5164299,1.1310213,-4.242034,2.05,0.41571823,-0.36448497,0.013292424
2.055,-0.24774456,1.8478985,-4.4407263,2.057,0.24345423,-0.4744407,0.0151250195
2.065,0.32242966,2.7823534,-4.261842,2.066,0.070579365,-0.6558677,0.010238098
2.075,0.83651924,3.4877691,-3.1914108,2.076,-0.06686531,-0.86417276,-1.4661066E-4
2.085,1.3969622,3.8348866,-1.5032787,2.086,-0.11756712,-1.103632,0.0035185795
2.095,2.0081062,3.9282284,0.41800445,2.096,-0.08763473,-1.3394259,0.008405502
2.104,2.6345901,3.8465831,2.38527,2.107,-0.03693291,-1.4261688,-7.574763E-4
2.115,2.6798878,3.3269484,4.1461067,2.117,-0.013109167,-1.3156022,-0.015418243
2.125,2.1389818,2.4602973,5.5819774,2.127,-0.03204599,-1.0468215,-0.005033534
2.135,1.35851,1.5564287,6.477725,2.136,-0.116956264,-0.46833205,0.0071837716
2.144,0.88888454,1.1054008,6.117284,2.152,-0.20919691,-0.008350529,0.0383379
2.154,1.033,1.5632718,3.936225,2.157,-0.3112114,0.2708149,0.055442125
2.165,1.5304518,2.287378,2.2788725,2.167,-0.44804522,0.4430789,0.07621154
2.174,2.298643,2.9461212,0.72633505,2.176,-0.5048557,0.40948132,0.078655005
2.184,2.987834,3.2927942,-0.82759356,2.187,-0.5775486,0.25065634,0.029785786
2.194,3.24854,3.0829124,-1.7153542,2.196,-0.67650884,0.0649533,-0.03740939
2.204,3.02067,2.3108995,-1.6933658,2.206,-0.78279936,-0.13968655,-0.10460457
2.214,2.2849426,1.12992,-0.58651865,2.216,-0.83960986,-0.31378314,-0.16263677
2.224,1.511734,8.221343E-4,0.9278367,2.226,-0.85304886,-0.4054129,-0.19562349
2.234,0.9293394,-0.89818656,2.545085,2.236,-0.8096774,-0.41946283,-0.20356475
2.244,0.3217516,-1.6760397,4.0778995,2.246,-0.7229346,-0.32538956,-0.16813456
2.255,0.016238213,-2.0895064,5.0005484,2.256,-0.6184766,-0.1299127,-0.098495916
2.264,-0.002960205,-2.056679,5.0477047,2.266,-0.5207382,0.13031588,-0.018472567
2.274,-2.3460388E-4,-1.8260128,4.114586,2.277,-0.42849752,0.4430789,0.100035295
2.285,-0.008569717,-1.363757,3.47394,2.286,-0.33503515,0.53104347,0.1525697
2.294,-0.2434721,-0.7910317,2.739321,2.296,-0.22141421,0.54753685,0.1843347
2.305,-0.4700632,-0.3616855,2.219716,2.306,-0.10779329,0.52065873,0.18005863
2.315,-0.7770119,-0.16599837,1.8441222,2.316,-0.004557054,0.52432394,0.16417614
2.325,-1.0687094,-0.1930068,1.0498586,2.328,0.08279668,0.52982175,0.14279586
2.334,-1.7738543,-0.14040655,0.56247437,2.339,0.15304618,0.50905234,0.12141557
2.344,-2.1636367,-0.19333354,0.07009879,2.347,0.1933633,0.47240046,0.10980913
2.357,-2.206489,-0.16898909,-0.3548077,2.358,0.19275242,0.42475295,0.10980913
2.364,-2.005134,0.015032157,-0.5287094,2.366,0.17931339,0.35083824,0.100035295
2.374,-1.688098,0.30052844,-0.7063158,2.376,0.16770695,0.27509096,0.07376808
2.384,-1.4134207,0.4257225,-0.6727391,2.386,0.15671137,0.20972838,0.05116607
2.394,-1.1475544,0.48472154,-0.52337915,2.396,0.1542679,0.16085914,0.028564055
2.404,-1.035222,0.5136945,-0.34257656,2.406,0.149381,0.1633026,0.0151250195
2.414,-0.9432707,0.43337888,-0.3349942,2.417,0.124946386,0.23477383,0.03161838
2.424,-0.880764,0.38330257,-0.392787,2.426,0.10478783,0.2915843,0.058496453
2.434,-0.8740835,0.30819678,-0.49747783,2.436,0.078520626,0.36672074,0.09820269
2.444,-0.8236885,0.30740854,-0.73194474,2.446,0.055918604,0.44185716,0.14218499
2.46,-0.7834444,0.4132687,-1.0999937,2.46,0.031483997,0.49500242,0.18189123
2.464,-0.58602524,0.64968616,-1.6191239,2.466,0.0015515983,0.5212696,0.20021719
2.475,-0.284626,1.0537843,-2.234715,2.476,-0.03326772,0.5005002,0.18677814
2.484,-0.30015564,1.4103286,-2.4878743,2.486,-0.061367523,0.49683502,0.15745662
2.494,-0.11919975,1.7203603,-2.9176164,2.496,-0.09129992,0.48339602,0.093315765
2.505,-0.23486328,2.0181658,-3.4292848,2.506,-0.12978442,0.44796583,0.03284011
2.515,-0.48932743,2.3063533,-3.9029982,2.516,-0.18354057,0.3764946,-0.014807377
2.525,-0.5296173,2.6351118,-4.174166,2.526,-0.24462709,0.26959318,-0.06795265
2.534,-0.85375214,2.806561,-4.0660744,2.537,-0.29105285,0.14192232,-0.12415226
2.545,-1.1669827,2.827919,-3.6830573,2.546,-0.3289265,0.027690519,-0.16874543
2.554,-1.3741732,2.7452753,-3.3309302,2.556,-0.39612168,-0.060274072,-0.20112129
2.564,-1.6842594,2.495192,-3.1124237,2.567,-0.48469713,-0.040726386,-0.21333858
2.575,-1.58041,2.207847,-2.985902,2.577,-0.558001,-0.0010201447,-0.2218907
2.585,-1.8382316,1.8520988,-2.652536,2.586,-0.55311406,0.016084082,-0.21639292
2.595,-2.2352138,1.4346219,-2.034979,2.596,-0.43521705,-0.016291775,-0.2218907
2.605,-2.2855825,0.9885993,-1.503115,2.607,-0.20614257,-0.08654128,-0.24693619
2.615,-1.4389696,-0.7304127,-1.5768683,2.616,0.11944859,-0.30523103,-0.288475
2.624,-0.7385254,-1.75104,-1.6880016,2.626,0.48535687,-0.73711276,-0.32512692
2.634,0.599699,-3.3553474,-1.8132927,2.636,0.7920112,-1.1812118,-0.3605571
2.644,2.2236938,-5.3389077,-2.118553,2.646,0.9386189,-1.5232964,-0.41614583
2.654,4.0992765,-6.96981,-2.4298139,2.656,0.85859555,-1.7535926,-0.43263918
2.664,5.50918,-7.657411,-1.331327,2.666,0.57026714,-1.9105849,-0.39659813
2.674,6.2272863,-6.8745317,1.9814322,2.676,0.20435886,-1.9502912,-0.3147422
2.684,6.6950817,-4.8313785,6.730403,2.687,-0.088245586,-1.7303797,-0.24754705
2.695,7.504092,-2.0926971,10.405019,2.696,-0.12245405,-0.922205,-0.29763797
2.705,6.9275656,-1.01987,11.164378,2.706,-0.1004629,-0.15190385,-0.33001384
2.715,6.9863234,0.14168605,10.861647,2.716,0.08462927,0.58235615,-0.35628104
2.724,6.627611,0.26815408,9.025038,2.726,0.3246993,1.0264552,-0.32451606
2.735,5.123396,-0.47175243,6.683837,2.736,0.5647694,1.2078822,-0.23349713
2.744,3.5467558,-1.1199104,5.1995378,2.746,0.7956764,1.3025663,-0.06489833
2.754,2.2671804,-1.5591992,3.133537,2.756,0.9453384,1.2048278,0.11713952
2.768,1.3099041,-1.7823782,0.910207,2.769,0.933732,0.95254046,0.26069286
2.774,0.6178436,-1.9775181,-0.44233227,2.776,0.7761287,0.6605469,0.3480466
2.785,-0.08694363,-2.1526408,-1.0614772,2.786,0.5323935,0.37221852,0.3987484
2.794,-0.55647373,-2.0107977,-0.8192775,2.796,0.26788884,0.1547505,0.41585264
2.805,-0.8285351,-1.5535645,-0.32949033,2.806,-0.0033353237,0.07472715,0.40180272
2.814,-0.8185234,-0.81320995,-0.24183834,2.816,-0.28066814,0.07594888,0.35232264
2.824,-0.65475464,0.14267683,-0.08910394,2.826,-0.5231816,0.09977262,0.27779707
2.834,-0.62479496,0.88833445,-0.1400988,2.836,-0.7375953,0.1193203,0.15623489
2.844,-0.87729645,1.233675,0.046563014,2.847,-0.9110811,0.12115291,0.090261444
2.855,-0.8963623,1.5334479,0.5874603,2.856,-0.9300179,0.11687684,0.046279147
2.871,-1.1129608,1.4891491,0.8375351,2.871,-0.90863764,0.15658309,0.027953189
2.874,-1.2864265,1.1323949,1.3806788,2.876,-0.8628227,0.18956982,0.016957615
2.885,-1.5974808,0.8416791,0.967942,2.886,-0.8738183,0.2622628,0.02917492
2.894,-2.2459178,-0.21759936,1.3435522,2.896,-0.8243382,0.32457104,0.056663856
2.904,-2.3805141,-0.6317104,1.1855962,2.906,-0.7748581,0.36672074,0.08415279
2.914,-2.4848537,-0.9184823,0.9502883,2.916,-0.7229346,0.41131392,0.09575923
2.924,-2.4822788,-1.1320366,0.6754682,2.927,-0.6734545,0.4534636,0.09392664
2.934,-2.4170585,-1.3144121,0.25094694,2.936,-0.6245853,0.49133727,0.0646051
2.944,-2.6506996,-1.7186747,0.025247842,2.947,-0.57266176,0.505998,0.03284011
2.955,-2.754705,-2.056284,-0.56131285,2.956,-0.5378424,0.51149577,0.020622807
2.964,-2.494513,-2.1612935,-0.9542349,2.967,-0.5237925,0.48339602,0.009627232
2.974,-2.1313024,-2.1587288,-1.1592133,2.976,-0.5054666,0.41620082,-0.019694299
2.984,-1.8067188,-2.0156817,-1.3068688,2.986,-0.4675929,0.28608653,-0.05512448
2.994,-1.2530727,-1.7620751,-1.0579531,2.996,-0.4413257,0.21095009,-0.08750035
3.004,-0.84600544,-1.6719513,-0.97560215,3.006,-0.41017157,0.1547505,-0.10521543
3.014,-0.16640282,-1.6547984,-0.9749825,3.016,-0.39306736,0.10404867,-0.11193496
3.025,0.7677517,-1.2766981,-1.1126041,3.026,-0.3692436,0.06984022,-0.12598486
3.035,1.3806467,-0.9678499,-1.4035342,3.036,-0.3625241,0.017916676,-0.13392611
3.045,1.6866388,-0.47554103,-1.0500937,3.047,-0.3374786,0.027690519,-0.120487064
3.054,1.4923134,0.013697088,-0.37922257,3.056,-0.2971615,0.10649213,-0.11376755
3.064,0.6688242,0.092815936,0.35620123,3.066,-0.21774901,0.22744344,-0.10155024
3.075,-0.053370476,0.05257657,0.21043724,3.076,-0.1444452,0.32945797,-0.08627862
3.084,-0.59895706,-0.033219248,-0.47345454,3.086,-0.09007819,0.35755777,-0.06428747
3.094,-1.2244921,-0.23817366,-0.8707003,3.096,-0.045485027,0.34900564,-0.026413817
3.104,-1.8307648,-0.56449586,-1.0407547,3.106,0.003995059,0.33006883,0.013292424
3.114,-2.2203536,-0.8364184,-1.122987,3.116,0.07302283,0.27386922,0.056663856
3.124,-2.260621,-1.0613799,-1.2476503,3.126,0.2019154,0.18773721,0.09881356
3.134,-2.1444798,-1.517209,-1.3074276,3.136,0.29110172,0.14253318,0.10919827
3.145,-1.7113876,-1.9245677,-1.7099696,3.146,0.38945103,0.0667859,0.09759183
3.154,-0.79524994,-2.1453574,-2.3023977,3.156,0.47313958,-0.04683504,0.04750088
3.164,-0.0979681,-2.2763898,-2.8614006,3.166,0.5293392,-0.17022982,0.004740311
3.178,0.27638245,-2.416396,-3.4380293,3.179,0.5494977,-0.27835298,-0.035576794
3.184,0.7650099,-1.7108169,-3.3830223,3.186,0.53911304,-0.34554812,-0.07833736
3.194,0.5506792,-1.122468,-3.1649108,3.196,0.5042937,-0.38953042,-0.1375913
3.204,-0.03492832,-0.5664795,-3.067243,3.206,0.45725706,-0.41579762,-0.19134744
3.214,-0.62290955,-0.043901443,-3.1685665,3.216,0.3778446,-0.44878435,-0.21578205
3.224,-0.8670788,0.40536153,-3.0181165,3.226,0.26483452,-0.527586,-0.18401705
3.235,-0.7503128,1.0128355,-2.576969,3.237,0.16526349,-0.6705285,-0.12659572
3.245,-0.47462463,1.7754812,-1.9442976,3.246,0.088905334,-0.8385164,-0.061844002
3.255,0.2643814,2.596576,-1.3840998,3.256,-0.0070005152,-0.9796263,0.035283573
3.265,1.4850817,3.4574509,-0.6189748,3.267,-0.18659489,-1.1537229,0.14768277
3.274,2.615613,4.159993,0.81923604,3.282,-0.26845083,-1.2001486,0.1843347
3.284,3.7316103,4.8492556,2.2207618,3.286,-0.33381343,-1.1170709,0.16845219
3.294,4.332551,4.9175944,3.8834443,3.297,-0.3796283,-0.86050755,0.089650586
3.304,3.8777828,3.796201,5.2621527,3.306,-0.37535226,-0.5300295,-0.028246414
3.314,2.5650291,2.3332915,5.606274,3.316,-0.38390437,-0.20993607,-0.11132409
3.324,1.1178236,1.0102687,4.8325105,3.326,-0.45415387,0.06312071,-0.12109794
3.334,0.2280941,0.12982816,3.5143259,3.337,-0.5610553,0.2494346,-0.0899438
3.345,-0.010707855,-0.24420801,2.0526175,3.346,-0.6826175,0.33862093,-0.03740939
3.354,0.57707405,0.021795347,1.2506746,3.356,-0.7259889,0.32029498,0.023677133
3.364,1.310935,0.88660926,-0.4619015,3.366,-0.82006216,0.14008972,0.05727472
3.374,2.1085835,1.5333494,-0.24254504,3.376,-0.8426642,-0.09936945,0.062161643
3.384,3.0128336,1.9561633,0.4454203,3.386,-0.82189476,-0.32538956,0.012070693
3.395,3.532424,1.8104458,1.5692688,3.396,-0.78157765,-0.46222338,-0.04473977
3.405,3.6297693,1.1055746,3.1516438,3.406,-0.6978891,-0.4445083,-0.09055467
3.415,3.2731476,-0.1472624,4.06706,3.417,-0.5934312,-0.26247045,-0.056957077
3.424,2.745576,-1.0864033,4.790147,3.427,-0.53173375,0.0044776425,0.016957615
3.434,2.1175003,-1.6000361,4.6833544,3.436,-0.503634,0.28730828,0.11225259
3.444,1.6407919,-1.7911189,4.007049,3.446,-0.4889732,0.5188262,0.18677814
3.454,1.0505371,-1.839304,3.2836955,3.457,-0.47003636,0.68559235,0.23625824
3.466,-0.20792007,-1.3245412,1.9283711,3.467,-0.43521705,0.7814982,0.25580594
3.474,-0.90348244,-0.8567995,1.3823674,3.476,-0.37168705,0.809598,0.24542122
3.49,-1.6706133,-0.45633772,1.19151,3.49,-0.3026593,0.7705026,0.2069367
3.495,-2.319209,-0.104183435,0.90245503,3.496,-0.20492086,0.6935336,0.1525697
3.505,-2.9383788,0.093749136,0.849633,3.508,-0.10779329,0.58602136,0.08537452
3.514,-3.5069299,0.061757967,0.7956302,3.517,-0.013720033,0.47362217,0.036505304
3.524,-3.8075585,-0.012124151,0.79050386,3.526,0.06019466,0.37588373,0.009016368
3.535,-3.70617,0.048174247,0.523326,3.537,0.115172535,0.25859758,-7.574763E-4
3.544,-3.3849115,0.15407473,0.26737666,3.546,0.11639427,0.20911749,0.016957615
3.554,-2.7579203,0.25333822,-0.03102231,3.556,0.11089648,0.16208087,0.045057416
3.564,-2.0331316,0.33508974,-0.24384502,3.566,0.115172535,0.10160521,0.07315722
3.574,-1.3758564,0.40568304,-0.26834115,3.576,0.13899629,0.052735996,0.104922205
3.588,-0.6854296,0.4427777,-0.17954236,3.588,0.17503732,0.036853503,0.13913067
3.594,0.13300419,0.5391034,-0.21605507,3.596,0.22757174,0.047849078,0.15195884
3.604,0.6857233,0.45234776,-0.07091594,3.606,0.30087557,0.07717061,0.15440229
3.614,0.82206535,0.3044567,0.051069677,3.617,0.38089892,0.14497665,0.16417614
3.624,0.6847906,0.128494,-0.119513094,3.627,0.41388565,0.25615415,0.18372382
3.635,0.7243786,0.123102084,-0.5542343,3.636,0.40350094,0.38382497,0.19410853
3.645,0.6021404,0.31207216,-1.1483611,3.646,0.3601295,0.4601831,0.18616728
3.654,0.21703911,0.4874667,-1.583215,3.656,0.3130929,0.4785091,0.17211738
3.664,-0.23999119,0.63990915,-1.801559,3.666,0.28865826,0.4583505,0.1525697
3.675,-0.3255682,0.944633,-2.4394362,3.676,0.2422325,0.39665315,0.11713952
3.684,-0.5001831,1.2577912,-2.8559191,3.692,0.17809166,0.32212758,0.0823202
3.694,-0.59636116,1.5970863,-2.9021652,3.696,0.102344364,0.23110865,0.046890013
3.705,-0.6592617,1.9287037,-2.7726445,3.706,0.04125784,0.19995452,0.021233672
3.715,-0.74206924,2.2470574,-2.751701,3.716,-0.032656856,0.20117624,-0.011142187
3.725,-0.78932285,2.4844809,-2.711483,3.726,-0.121843174,0.23782815,-0.043518044
3.735,-0.921505,2.6436498,-2.6439972,3.736,-0.2110295,0.28975174,-0.07039611
3.745,-1.0426388,3.0642333,-2.5966194,3.747,-0.28799853,0.33923182,-0.110102355
3.754,-1.218504,3.1801786,-2.5827246,3.756,-0.33381343,0.34961653,-0.16080417
3.764,-1.2458429,3.2446384,-2.6961944,3.766,-0.33808947,0.30013645,-0.22250156
3.775,-1.4181995,2.979764,-2.731994,3.776,-0.3197635,0.2127827,-0.29458365
3.785,-1.7044878,2.2887893,-2.5791357,3.786,-0.26845083,0.0912205,-0.35200498
3.795,-1.9718018,1.3697046,-2.3857765,3.796,-0.1810971,-0.02606562,-0.38377
3.805,-2.0356483,0.4191633,-2.4643764,3.806,-0.083358675,-0.117695406,-0.3904895
3.814,-1.9629078,-0.5149939,-2.5751417,3.816,0.01804496,-0.19527529,-0.37766132
3.825,-1.9354777,-1.2086797,-2.377997,3.826,0.1438832,-0.368761,-0.33551162
3.834,-1.0033159,-1.5875866,-2.131874,3.836,0.40777698,-0.74138886,-0.30191404
3.844,0.2083435,-2.3052511,-1.8930438,3.846,0.57332146,-0.9802371,-0.31962913
3.854,1.5153923,-3.2558546,-1.777437,3.856,0.6857207,-1.2331353,-0.34772894
3.864,2.9557161,-4.1635256,-1.3399522,3.866,0.7046575,-1.4542686,-0.36972007
3.874,4.3302174,-4.636493,-0.65715396,3.876,0.60936254,-1.5373462,-0.3764396
3.884,5.233282,-4.6741366,0.8741835,3.886,0.47802648,-1.4506034,-0.34589633
3.897,5.063925,-4.305711,3.5168092,3.898,0.40838787,-1.2380223,-0.26465124
3.904,4.5408907,-3.2286727,6.175998,3.906,0.47558305,-0.9112094,-0.1937909
3.914,3.9807167,-3.206577,7.041602,3.916,0.47069612,-0.518423,-0.13148265
3.924,3.4316044,-2.7234752,8.171873,3.926,0.5427782,0.09060964,-0.0655092
3.934,3.3176994,-2.2847776,6.65442,3.936,0.6411275,0.5383738,-1.4661066E-4
3.944,3.3097973,-1.972581,4.9256516,3.946,0.77429616,0.7637831,0.020622807
3.954,2.786665,-1.6931998,2.9199975,3.956,0.87447804,0.7692809,0.03955963
3.964,2.4918242,-1.4571891,1.7716854,3.967,0.9942076,0.63550144,0.063994244
3.975,2.342496,-1.0548428,0.7892355,3.977,1.1182133,0.24271508,0.076822415
3.985,1.9982109,-0.66367376,0.41838384,3.986,1.096833,0.028301384,0.090261444
4.0,1.7298374,-0.49050623,0.2719611,4.0,0.978936,-0.09509339,0.12569162
4.004,1.4796333,-0.4261591,0.37712827,4.006,0.7999525,-0.13052358,0.1702848
4.014,1.3875723,-0.045489535,0.98114806,4.016,0.6111951,-0.057219747,0.19410853
4.024,1.2728786,0.5314692,1.7377433,4.026,0.43709853,0.10649213,0.19105421
4.035,0.6711073,1.3959942,2.0325704,4.036,0.27827355,0.2989147,0.16356526
4.044,0.11507797,1.4870863,1.4065362,4.046,0.14510493,0.46384832,0.1226373
4.055,-0.65242004,1.3949842,0.9345681,4.057,0.024153613,0.5383738,0.07621154
4.064,-1.4014587,1.0392408,1.1033956,4.066,-0.046706755,0.58113444,0.048111744
4.074,-2.1656413,0.90973586,0.010651171,4.076,-0.09191078,0.54509336,0.02550973
4.084,-2.7787638,0.48746994,0.11627191,4.087,-0.16460374,0.5169936,0.03955963
4.094,-3.2839398,0.08949293,-0.093517065,4.102,-0.19148181,0.46690264,0.060329046
4.104,-3.635837,-0.17429946,-0.3347136,4.107,-0.20980777,0.3887119,0.091483176
4.115,-3.6683722,-0.18504678,-0.49085578,4.116,-0.22935545,0.23171951,0.12141557
4.125,-3.4083104,-0.08316256,-0.45352235,4.127,-0.22752286,0.12237464,0.12019384
4.135,-2.9010282,0.02258271,-0.41805476,4.136,-0.20308825,0.017916676,0.0945375
4.145,-2.2507238,0.0072892904,-0.30733693,4.147,-0.16460374,-0.074323975,0.0646051
4.155,-1.478879,-0.06242402,-0.121700406,4.156,-0.12550837,-0.13418877,0.024287999
4.164,-0.5015278,-0.046416,-0.069061846,4.166,-0.10229549,-0.15740165,-0.03130074
4.175,0.3391428,-0.14239801,-0.0057558417,4.176,-0.09557597,-0.15190385,-0.09360899
4.184,0.8960428,-0.22165538,0.06657177,4.186,-0.11329107,-0.11708455,-0.14553255
4.194,1.170557,-0.38346213,0.2359078,4.196,-0.15421903,-0.04011552,-0.1815736
4.204,1.2730675,-0.5254232,0.47524962,4.206,-0.2110295,0.08022493,-0.2041756
4.214,0.92132664,-0.816862,0.7153788,4.216,-0.25440094,0.22011308,-0.19867782
4.224,0.45430756,-1.0736759,0.8296394,4.226,-0.26478565,0.34717306,-0.17118889
4.234,0.0827198,-1.0928009,0.56348085,4.236,-0.23485325,0.41192478,-0.1357587
4.244,-0.34574986,-1.1597037,0.23963702,4.246,-0.19575787,0.4485767,-0.08016996
4.254,-0.62051296,-1.2425375,-0.064741015,4.256,-0.15055384,0.5011111,0.015735885
4.264,-0.69120216,-1.0854403,-0.48984048,4.266,-0.07541743,0.5023328,0.050555203
4.274,-0.8611164,-0.85801125,-1.0755436,4.276,-0.022883011,0.48400685,0.07560068
4.284,-0.8994341,-0.8299945,-1.4830191,4.287,0.03453832,0.44002458,0.08109847
4.294,-1.0124178,-0.7528706,-1.8046956,4.297,0.09867917,0.3764946,0.078655005
4.307,-1.1453915,-0.70397186,-2.0909657,4.308,0.16587435,0.29463863,0.08659625
4.314,-1.5298357,-1.0501581,-2.6590462,4.317,0.22024135,0.20484143,0.10919827
4.324,-1.66539,-1.0901973,-2.7543058,4.326,0.26788884,0.10282694,0.12996769
4.335,-1.91328,-1.2931697,-2.695539,4.336,0.3198124,0.013029758,0.1525697
4.345,-1.8937712,-1.3621652,-2.8026779,4.346,0.36440557,-0.057219747,0.18250209
4.354,-1.8004103,-1.2515371,-2.799478,4.357,0.39739227,-0.13418877,0.20938016
4.364,-1.6306286,-1.0138649,-2.644497,4.366,0.41755083,-0.20138395,0.23014958
4.374,-1.4045343,-0.7076222,-2.5232081,4.376,0.4322116,-0.2496423,0.2472538
4.384,-1.1123533,-0.2859709,-2.429177,4.386,0.44748324,-0.2966789,0.24419948
4.394,-0.8606539,0.17820027,-2.3382156,4.396,0.43832025,-0.31133968,0.20754758
4.411,-0.5884371,0.56133187,-2.5461283,4.411,0.38089892,-0.26735738,0.11408518
4.415,-0.36529732,0.7292235,-2.9277856,4.416,0.3130929,-0.24353366,0.027342323
4.424,-0.35537434,0.78497523,-3.51779,4.426,0.22329569,-0.282629,-0.049626697
4.434,-0.2690096,0.8116014,-4.032394,4.436,0.11089648,-0.39075217,-0.0917764
4.444,0.10962486,0.9824983,-4.152326,4.446,3.2986794E-4,-0.5709574,-0.11437842
4.454,0.9462061,1.4622909,-3.9872863,4.456,-0.08152607,-0.82202303,-0.1320935
4.464,1.9960308,2.1136975,-3.175811,4.466,-0.12245405,-1.107908,-0.14064562
4.474,3.106763,2.7523928,-1.5806097,4.476,-0.08702387,-1.443273,-0.13636957
4.484,4.2590284,3.1481233,0.61384034,4.486,-0.008222246,-1.7224385,-0.12965004
4.495,5.205508,3.0677016,3.123423,4.496,0.0437013,-1.7450404,-0.12659572
4.504,5.318453,2.4668903,5.624545,4.507,0.015601499,-1.3986799,-0.1039937
4.514,4.1886654,1.5188878,7.578912,4.517,-0.045485027,-0.82202303,-0.054513615
4.525,2.881688,1.0704689,7.54642,4.526,-0.25073576,-0.1971079,0.006572906
4.535,1.8660593,0.83276135,7.0609393,4.536,-0.44193655,0.35816863,0.07376808
4.544,1.2848921,1.2026924,5.3490767,4.546,-0.5952637,0.77783304,0.13485461
4.555,1.3566599,2.2423098,3.2074218,4.556,-0.64230037,0.8218153,0.1263025
4.564,1.9522419,3.3009832,1.3652246,4.566,-0.6245853,0.6263384,0.0804876
4.574,2.5915756,3.6465354,-0.42467737,4.576,-0.58610076,0.32640365,-0.013585646
4.584,3.0790806,3.3741412,-1.1338171,4.586,-0.53906417,-0.012626585,-0.12231967
4.594,3.1244354,2.4599786,-0.2435703,4.596,-0.5042448,-0.32416785,-0.20356475
4.604,2.4925976,-0.41901687,0.92687106,4.606,-0.48103195,-0.53674895,-0.23655148
4.616,2.2041836,-1.6173311,2.311112,4.617,-0.49630356,-0.6198267,-0.21394946
4.624,1.8931942,-2.2021136,3.9019876,4.627,-0.52990115,-0.5361381,-0.15286292
4.635,1.386261,-2.3316746,5.425042,4.636,-0.5659422,-0.2551401,-0.06978525
4.645,0.7612953,-2.1358252,6.3019166,4.647,-0.56472045,0.16208087,0.019401077
4.654,0.14393806,-1.6698472,5.814337,4.656,-0.5201273,0.58052355,0.092094034
4.664,-0.5567188,-0.9983558,4.643918,4.666,-0.46514943,0.8926757,0.1366872
4.674,-1.378377,-0.5265078,3.347268,4.677,-0.3814609,1.0533333,0.14768277
4.685,-2.088735,-0.12569588,2.3021197,4.686,-0.24707055,1.0374508,0.13363288
4.694,-2.7510462,0.19440088,1.2919196,4.697,-0.15360817,0.9128342,0.10064615
4.704,-3.1098719,0.28453124,0.47431904,4.706,-0.07969348,0.755231,0.06277251
4.718,-3.4775171,0.1612541,-0.24391162,4.719,-0.017385224,0.57685834,0.038948767
4.724,-3.7783728,-0.08459698,-0.71481246,4.726,0.026597073,0.3850467,0.042613953
4.734,-3.9199796,-0.2670213,-1.0068781,4.736,0.06630331,0.18223943,0.076822415
4.744,-3.593821,-0.51555884,-1.1059154,4.746,0.09318139,-0.006517932,0.11958298
4.755,-3.0738654,-0.6806234,-0.6264292,4.756,0.14693753,-0.13174531,0.16723046
4.765,-2.405095,-0.69721425,-0.31283206,4.766,0.17809166,-0.17756021,0.21976487
4.775,-1.4552698,-0.44701985,-0.21388766,4.776,0.19153069,-0.18427972,0.24664295
4.784,-0.53776073,-0.099529475,-0.07748014,4.786,0.18358944,-0.16656463,0.25152987
4.794,0.09978676,0.23061845,0.20005262,4.797,0.1756482,-0.11525194,0.24481034
4.804,0.6490936,0.5200366,0.46072537,4.806,0.171983,-0.010793988,0.22953872
4.819,0.88420105,0.71896636,0.64949095,4.819,0.16953954,0.1492527,0.21182363
4.824,1.0711517,0.9679642,0.46098322,4.826,0.17442647,0.36977506,0.17700431
4.834,0.48370266,0.9120447,0.31444472,4.836,0.20252627,0.48522863,0.1751717
4.844,0.5016203,0.97935855,-0.5819137,4.846,0.20802405,0.5127175,0.15684575
4.854,0.21810246,0.9633608,-1.189267,4.856,0.21474357,0.4937807,0.14523931
4.864,-0.08359623,1.0063678,-1.6886066,4.866,0.20313713,0.45102015,0.114696056
4.874,-0.3620863,1.0592062,-2.2227194,4.876,0.18297859,0.36610988,0.08476366
4.884,-0.85744,1.1130551,-2.5314684,4.886,0.16526349,0.28608653,0.05727472
4.894,-1.0740929,1.1741714,-2.5243952,4.896,0.15732224,0.2408825,0.04322482
4.904,-1.1792355,1.3066922,-2.704927,4.906,0.12250292,0.21400441,0.023066267
4.915,-1.0922661,1.4632982,-2.7922764,4.917,0.068746775,0.21217181,-7.574763E-4
4.924,-1.1361141,1.7102933,-2.8301702,4.926,-0.0063896496,0.21156095,-0.035576794
4.934,-1.3741179,1.9612186,-2.6772237,4.936,-0.07847175,0.21095009,-0.06306574
4.944,-1.4673672,2.2139065,-2.5963013,4.947,-0.1389474,0.20789577,-0.0917764
4.954,-1.5618172,2.4033172,-2.5529928,4.956,-0.17865364,0.18834808,-0.120487064
4.965,-1.4611502,2.5020413,-2.5711336,4.966,-0.21530557,0.15902655,-0.16630197
4.975,-1.4130955,2.374136,-2.5878434,4.976,-0.23851845,0.075338006,-0.1901257
4.984,-1.3244905,2.1484897,-2.6422977,4.989,-0.24890316,0.03929696,-0.20661907
4.994,-1.4821224,1.6979122,-2.7542543,5.006,-0.18537316,-0.065161,-0.18096273
5.004,-1.4807692,1.195297,-2.6245928,5.016,-0.10779329,-0.14151914,-0.17424321
5.014,-1.3496618,0.71898884,-2.6947513,5.026,-0.009443976,-0.30156583,-0.16691282
5.024,-1.1538162,0.46056554,-2.8925188,5.036,0.13777456,-0.5648488,-0.18707138
5.034,-0.4049425,0.15672699,-2.7145278,5.046,0.30698422,-0.89410514,-0.24876876
5.044,0.820529,-0.3696075,-2.485175,5.056,0.42671382,-1.2477962,-0.33490077
5.054,2.2480364,-1.067998,-2.2786014,5.066,0.46275488,-1.5446767,-0.43569353
5.064,4.02238,-2.117854,-1.7759149,5.076,0.40472266,-1.6527998,-0.5254907
5.074,5.6119804,-3.2800605,-0.58476853,5.086,0.28132787,-1.4915314,-0.5425949
5.084,6.3812656,-4.345031,1.2945278,5.096,0.19397415,-1.1115732,-0.47234544
5.094,6.02256,-5.0143485,4.2184625,5.106,0.17931339,-0.63204396,-0.3849917
5.104,4.8447723,-4.6720004,6.693701,5.116,0.2019154,0.13275935,-0.2396058
5.114,3.925764,-3.6575418,8.100456,5.126,0.20802405,0.7295747,-0.12293053
5.124,2.7186832,-3.306037,7.403002,5.136,0.30698422,1.0441703,-0.036798526
5.134,2.0753164,-2.5917718,6.378786,5.146,0.43709853,1.0753244,0.042003088
5.144,1.6261234,-2.11089,4.016284,5.156,0.6686165,0.88595617,0.11408518
5.154,1.1170635,-1.8526452,2.7437394,5.166,0.87814325,0.5573107,0.16845219
5.164,1.1014538,-1.6994495,0.34711367,5.176,1.0027597,0.15780482,0.20082805
5.174,1.366456,-1.591358,-0.17254736,5.186,1.0180314,-0.19038837,0.21793228
5.184,1.527998,-1.5388895,0.011097148,5.196,0.91235167,-0.39258474,0.22648439
5.194,1.7771273,-1.3722266,0.78398186,5.206,0.7394768,-0.40968898,0.22159746
5.204,1.8744307,-1.1318799,1.8311551,5.216,0.55560637,-0.25941613,0.20082805
5.214,1.7697258,-0.90181,2.7014492,5.228,0.39128363,0.0014233179,0.16906306
5.224,1.5911169,-0.48910835,3.0444877,5.236,0.2721649,0.27325836,0.11103086
5.234,1.0884485,0.07072247,2.561924,5.246,0.10723129,0.5579215,0.033450976
5.244,0.41632843,0.43989277,1.7306021,5.256,0.035760053,0.6220624,-0.0038118027
5.254,-0.35787868,0.7488059,0.893558,5.266,-0.011276572,0.58113444,-0.03130074
5.264,-1.0596371,0.995537,0.14597908,5.276,-0.109625876,0.5157718,-0.04290718
5.274,-1.6402836,1.1417253,-0.44280517,5.287,-0.1670472,0.4326942,-0.048404966
5.284,-2.2556376,1.1367259,-0.38864803,5.296,-0.19636874,0.3343449,-0.045961503
5.295,-2.6856165,0.9233953,-0.34053892,5.307,-0.21347296,0.23049779,-0.04107458
5.304,-3.0142026,0.65268236,-0.39005262,5.316,-0.22813372,0.14131145,-0.033133335
5.314,-3.1589231,0.46037647,-0.4533271,5.33,-0.25379008,0.06556417,-0.030689873
5.33,-3.1113958,0.2716358,-0.49725044,5.336,-0.27883554,0.0038667768,-0.0337442
5.334,-2.9817085,0.14831747,-0.45408115,5.346,-0.30388102,-0.05172196,-0.049626697
5.344,-2.7386608,0.09941607,-0.48699677,5.356,-0.34419814,-0.079821765,-0.062454868
5.354,-2.4205246,0.044634093,-0.47460842,5.366,-0.38512608,-0.08837387,-0.08078082
5.365,-2.0774012,-0.045519058,-0.35762918,5.377,-0.4113933,-0.09081733,-0.11682187
5.374,-1.5236216,-0.09145634,-0.20630643,5.386,-0.41750196,-0.08348695,-0.15591726
5.385,-1.015316,-0.22785424,-0.08719432,5.396,-0.4327736,-0.05660888,-0.19623436
5.395,-0.5236912,-0.4120485,-0.02880174,5.406,-0.45293215,-0.002241876,-0.22433417
5.405,0.049524307,-0.5052134,0.0029488802,5.416,-0.45598647,0.08511186,-0.24876876
5.415,0.31780815,-0.6817899,0.09148705,5.427,-0.44193655,0.18590462,-0.26159692
5.424,0.5662527,-0.8776196,0.19280106,5.436,-0.38756955,0.25798672,-0.2396058
5.434,0.56510067,-1.1388876,0.2744102,5.447,-0.34419814,0.27142575,-0.19501263
5.444,0.64933014,-1.3039962,-0.31114918,5.456,-0.29960495,0.23416297,-0.12659572
5.455,0.4066763,-1.3356127,-1.2236171,5.466,-0.27517036,0.22866519,-0.083835155
5.465,-0.07942867,-1.2102625,-1.2022207,5.476,-0.23118806,0.23599558,-0.034355067
5.475,-0.6591816,-1.258117,-1.3175088,5.486,-0.17498845,0.22438912,0.02673146
5.485,-0.9758177,-1.3573332,-1.4779396,5.497,-0.1145128,0.20911749,0.07071376
5.495,-1.2605143,-1.3895056,-1.5640683,5.506,-0.036322046,0.1773525,0.10919827
5.505,-1.5348167,-1.4219106,-1.7497628,5.516,0.030262265,0.10099435,0.14340672
5.514,-1.558258,-1.2776579,-2.0796437,5.526,0.08707273,0.006921105,0.16417614
5.525,-1.7856989,-1.2901559,-1.8623756,5.538,0.18481117,-0.1073107,0.20510411
5.537,-1.7478228,-1.2360793,-1.6324767,5.546,0.22696088,-0.11708455,0.23442563
5.545,-1.6109409,-1.1475214,-1.3833032,5.556,0.26788884,-0.07676743,0.2387017
5.554,-1.1911755,-0.9923808,-1.1952426,5.566,0.30820596,-0.07676743,0.2332039
5.564,-0.6882801,-0.7277146,-1.4566338,5.576,0.3320297,-0.018124372,0.21793228
5.574,-0.22829533,-0.29709873,-1.8608255,5.586,0.3393601,0.017305814,0.1947194
5.584,-0.049315453,0.04211919,-2.137219,5.596,0.32836452,0.038075235,0.15195884
5.594,0.079444885,0.38698623,-2.46437,5.606,0.32958624,0.020360138,0.1226373
5.604,-0.11870384,0.6374767,-2.6518133,5.617,0.33752748,-0.016291775,0.111641735
5.614,-0.30391216,0.792776,-2.918076,5.627,0.34669048,-0.14701694,0.12508076
5.624,-0.31093788,0.84107125,-3.35873,5.64,0.3778446,-0.38220003,0.15745662
5.639,-0.14815998,0.7766347,-3.3505948,5.646,0.4407637,-0.66930676,0.22587353
5.644,-0.07981396,0.388112,-2.5597248,5.656,0.51406753,-0.92892444,0.3407162
5.654,0.060055733,-0.12654957,-1.1214018,5.666,0.56660193,-1.0895821,0.46105665
5.664,0.58116627,-0.45553663,0.43821138,5.676,0.55316293,-1.0877495,0.58933836
5.674,1.3233557,-0.47596452,2.1147623,5.686,0.4022792,-0.6980174,0.59972304
5.684,2.244586,-0.26157588,3.7495432,5.696,0.24895203,-0.25086403,0.54902124
5.695,3.0002394,0.015117168,4.9900017,5.706,0.13105503,0.13886799,0.4445633
5.704,3.566948,0.43656185,5.1540346,5.716,0.003995059,0.32457104,0.31383812
5.714,3.5818386,1.0448744,4.562192,5.726,-0.15238644,0.43330505,0.20632584
5.724,2.9083843,1.6155236,2.2469525,5.742,-0.23424238,0.3783272,0.09820269
5.734,2.49759,2.9833457,0.07855273,5.746,-0.31060055,0.21217181,0.004740311
5.744,2.586687,3.824918,-0.8296792,5.756,-0.3655784,-0.07798916,-0.08811121
5.754,2.8775167,4.538723,-0.8875369,5.766,-0.3814609,-0.3956391,-0.16996716
5.764,3.260128,4.64967,-0.06192016,5.776,-0.40161946,-0.6277679,-0.22250156
5.774,3.8270988,4.0075955,1.0770687,5.786,-0.44438002,-0.7071804,-0.23410802
5.784,4.3144054,2.7746406,2.5464587,5.796,-0.49019492,-0.5807313,-0.19440176
5.794,4.537902,1.1301097,4.14311,5.807,-0.53906417,-0.23437068,-0.11437842
5.804,4.39429,-0.41349927,5.2841597,5.816,-0.6013724,0.23477383,-0.02091603
5.815,3.843399,-1.3355273,5.6712565,5.826,-0.67406535,0.86457586,0.052998666
5.824,3.0347967,-1.4909651,5.255899,5.836,-0.6435221,1.1492391,0.05727472
5.834,1.9513817,-1.370097,4.714498,5.847,-0.5732726,1.3422725,0.03711617
5.844,0.57218933,-1.2545097,3.922107,5.856,-0.46820378,1.4400109,0.014514154
5.854,-0.827693,-1.1604605,2.997076,5.867,-0.3625241,1.4314588,0.008405502
5.864,-2.2443137,-1.2118418,1.8455228,5.877,-0.2690617,1.3520464,-0.005033534
5.874,-3.21837,-1.1359439,0.93580025,5.886,-0.1670472,1.1730628,-0.022748627
5.884,-4.0921397,-0.88183403,-0.0904063,5.897,-0.1126802,0.91955376,-0.031911604
5.894,-4.743475,-0.6834315,-1.241749,5.907,-0.099852026,0.59884953,-0.051459294
5.905,-4.9039783,-0.4232976,-2.258965,5.917,-0.083358675,0.23966075,-0.06917438
5.915,-4.9784365,-0.24708822,-2.7070904,5.926,-0.039376374,-0.10242377,-0.07161784
5.925,-4.7867928,-0.24959084,-2.5677772,5.936,0.023542747,-0.37853485,-0.048404966
5.934,-4.4750123,-0.30997956,-2.0934808,5.948,0.071801096,-0.6192158,-0.0025900733
5.947,-3.698461,-0.38922557,-1.6421986,5.957,0.12616812,-0.75727135,0.02673146
5.954,-2.3553581,-0.38028297,-0.60005087,5.966,0.18481117,-0.6931305,0.07743327
5.964,-1.2782335,-0.3421537,0.43022037,5.976,0.18297859,-0.5220882,0.10614394
5.975,-0.30978107,-0.3021432,1.0546207,5.986,0.15732224,-0.27652037,0.12996769
5.985,0.4334011,-0.18674862,1.4517992,5.997,0.14877012,-0.030952541,0.17394999
5.995,0.881053,-0.1145131,1.6560411,6.006,0.14999186,0.2298869,0.22220834
6.005,0.9648609,-0.10044426,1.7904848,6.016,0.13594195,0.47117868,0.24175602
6.015,1.1035805,0.52801645,0.69787943,6.027,0.115172535,0.5854105,0.26008198
6.025,1.5268106,0.79897916,-0.38587856,6.036,0.07790975,0.61778635,0.21426709
6.035,1.4784145,1.0567095,-1.0594804,6.051,0.051031683,0.59762776,0.14768277
6.05,1.1740017,1.1074522,-1.8292251,6.056,0.01804496,0.519437,0.0804876
6.054,0.5790787,0.83730304,-2.5787978,6.066,-0.03326772,0.41620082,0.0383379
6.064,0.04554844,0.5791309,-2.9358256,6.076,-0.12062146,0.34228614,-0.005644398
6.075,-0.26065922,0.6111109,-3.2258947,6.086,-0.21958162,0.28242135,-0.030689873
6.084,-0.7556629,0.6922452,-3.036882,6.096,-0.30327016,0.2549324,-0.038020257
6.094,-1.1525459,0.8585604,-2.7768908,6.106,-0.40161946,0.24821286,-0.038631123
6.104,-1.2580175,1.2563994,-2.5820236,6.116,-0.44560176,0.24454768,-0.049626697
6.114,-1.3399143,1.7152836,-2.4861236,6.126,-0.47919935,0.22805433,-0.086889476
6.124,-0.99844456,2.2395196,-2.5985703,6.136,-0.49202752,0.18040682,-0.15164119
6.134,-0.79878616,2.6976457,-2.6422005,6.15,-0.5011905,0.14253318,-0.21394946
6.144,-0.83102417,2.8657308,-2.7431917,6.156,-0.5360098,0.12481809,-0.2512122
6.154,-1.0924721,2.7854435,-3.012299,6.167,-0.58976597,0.10282694,-0.27503595
6.164,-1.3277597,2.624067,-3.3125458,6.176,-0.61908746,0.06617503,-0.2848098
6.175,-1.561799,2.3094513,-3.315116,6.186,-0.612368,0.0038667768,-0.27992287
6.185,-1.8172874,1.8947188,-3.3311505,6.196,-0.55494666,-0.08715214,-0.27503595
6.195,-2.0116382,1.3931609,-3.157931,6.207,-0.44865608,-0.19527529,-0.27014905
6.204,-2.0598874,0.9086977,-2.9074557,6.216,-0.30510277,-0.33271995,-0.279312
6.215,-1.8410611,0.46606416,-2.7463317,6.227,-0.110236734,-0.5575184,-0.2866424
6.225,-1.7070122,-0.025744684,-2.4646676,6.237,0.10417695,-0.80430794,-0.30130318
6.235,-1.6290779,-0.44305152,-1.9103047,6.247,0.33752748,-1.0272738,-0.38987863
6.245,-0.97342396,-0.9784157,-1.3655916,6.257,0.39739227,-1.1390622,-0.46990198
6.254,0.16495323,-1.9422138,-1.0256389,6.266,0.3509665,-1.1818227,-0.5132734
6.264,1.310195,-3.1904292,-1.134578,6.276,0.20802405,-1.2270267,-0.50349957
6.274,2.7339935,-4.415376,-1.5088292,6.286,0.06996851,-1.2551265,-0.46868023
6.284,3.951271,-5.2419586,-1.1319249,6.296,-0.0076113804,-1.2600135,-0.41248065
6.294,4.846834,-5.3436437,0.2718261,6.307,0.019877555,-1.1463925,-0.33001384
6.304,4.8980055,-3.1831062,4.6884084,6.316,-0.016163494,-1.0095587,-0.2200581
6.314,4.261401,-2.329343,6.363007,6.327,0.013768904,-0.59478116,-0.12415226
6.324,3.9954557,-1.2933903,8.293826,6.337,0.1316659,-0.11219762,-0.045350637
6.334,3.3964396,-0.7983426,8.731752,6.346,0.28438222,0.3251819,0.010848963
6.344,2.9360704,-0.66170245,7.548285,6.358,0.4389311,0.70452917,0.055442125
6.357,2.4673853,-0.9379823,6.1727185,6.366,0.5611042,0.90367126,0.08293106
6.364,1.7479525,-1.4269089,4.800408,6.376,0.7419203,0.99224675,0.103700474
6.375,1.3880835,-2.1590695,3.5308962,6.386,0.9862664,0.8291457,0.114696056
6.385,1.1885939,-2.8376164,1.6947564,6.396,1.0449095,0.54387164,0.1263025
6.395,1.0118523,-3.4902077,0.07329729,6.407,1.0119227,0.19445673,0.1489045
6.404,0.8339958,-3.8796637,-0.9942349,6.416,0.89341486,-0.13418877,0.20143892
6.414,0.6491833,-3.7777426,-1.316051,6.426,0.7040466,-0.33333084,0.2741319
6.424,0.54200935,-3.3252637,-0.82897073,6.436,0.52995,-0.36387408,0.3266663
6.434,0.7342577,-2.4342167,0.63601476,6.446,0.34485787,-0.22093163,0.35537696
6.444,1.082653,-1.332354,1.8571721,6.456,0.20008281,0.008142833,0.34377053
6.456,1.1898956,-0.07283026,2.648665,6.467,0.08951619,0.24210422,0.29062524
6.464,1.238987,1.2611405,2.7682385,6.476,0.0070493855,0.4168117,0.21304536
6.474,0.93519974,2.1888466,2.3852515,6.486,-0.04731762,0.52798915,0.12874596
6.484,0.37178516,2.7284691,1.8510774,6.496,-0.08396953,0.5701388,0.05727472
6.494,-0.32318687,2.8668692,1.2609557,6.506,-0.10412809,0.573804,0.00229685
6.504,-0.9761467,2.7182965,0.76109546,6.516,-0.12550837,0.5127175,-0.04290718
6.514,-1.5129595,2.3818808,0.082720935,6.526,-0.16154942,0.474233,-0.06428747
6.524,-2.0512228,1.814096,-0.1073007,6.536,-0.17865364,0.3624447,-0.08750035
6.534,-2.3142247,1.1625626,-0.25151393,6.546,-0.19636874,0.30502334,-0.083835155
6.544,-2.6700096,0.41782093,-0.3789245,6.557,-0.22630113,0.24882375,-0.06856352
6.556,-2.8512774,-0.21004912,-0.60985154,6.566,-0.26112044,0.21156095,-0.045961503
6.564,-2.897541,-0.71640253,-0.622109,6.576,-0.28372246,0.18590462,-0.03252247
6.574,-2.814663,-1.0612878,-0.5814193,6.586,-0.2971615,0.19262414,-0.034355067
6.584,-2.4338117,-1.2297266,-0.33666882,6.597,-0.30571362,0.20423058,-0.033133335
6.594,-2.2132735,-1.1515467,-0.45857498,6.606,-0.30327016,0.19751106,-0.038631123
6.604,-2.0656128,-1.0199729,-0.47574002,6.616,-0.29288545,0.18651548,-0.04657237
6.615,-1.9671063,-0.8180489,-0.65651923,6.626,-0.28433332,0.15658309,-0.045961503
6.624,-1.7921648,-0.5790058,-0.89119136,6.636,-0.28922024,0.11687684,-0.053902756
6.635,-1.524231,-0.27405924,-1.1296879,6.646,-0.3075462,0.071061954,-0.06795265
6.644,-1.0473566,-0.0146428645,-1.3097049,6.663,-0.32587218,0.02158187,-0.10155024
6.654,-0.42032337,0.2533055,-1.4733863,6.666,-0.34541985,-0.047445904,-0.18951485
6.664,0.3734417,0.45808983,-1.7583377,6.676,-0.3814609,-0.12808011,-0.26465124
6.674,1.3514376,0.5953601,-2.2708945,6.686,-0.42605406,-0.18977751,-0.3306247
6.684,2.2861433,0.5148156,-2.829765,6.696,-0.47186896,-0.24719884,-0.3642223
6.694,2.776991,0.32663667,-2.949042,6.707,-0.49691445,-0.25086403,-0.38377
6.705,3.0449533,0.190325,-2.3825884,6.717,-0.48286453,-0.20382741,-0.37338525
6.715,2.5390635,-0.08227907,-1.3866174,6.727,-0.44560176,-0.09631512,-0.3324573
6.725,1.6643801,-0.48443887,-0.5261492,6.737,-0.39306736,0.047849078,-0.26526213
6.735,0.73475456,-0.8585224,0.068502486,6.747,-0.31609833,0.20300885,-0.19562349
6.745,-0.081035614,-1.0922368,0.46451658,6.756,-0.21591642,0.33617747,-0.121708795
6.755,-0.78672314,-1.3587565,0.4223714,6.767,-0.10351722,0.41925517,-0.057567943
6.765,-1.3777475,-1.5836654,-0.01629585,6.776,0.026597073,0.43574852,4.6425313E-4
6.774,-2.0028248,-1.8313901,-0.37894085,6.786,0.16648522,0.38015977,0.057885587
6.784,-2.4781237,-2.037539,-0.7653315,6.796,0.2862148,0.25432155,0.12019384
6.794,-2.808918,-2.2362268,-1.3412049,6.806,0.36623815,0.09488569,0.17272826
6.804,-2.9167233,-2.3585677,-1.7864258,6.816,0.44931582,-0.13235617,0.26313633
6.814,-2.673544,-2.4591217,-1.9074774,6.826,0.5085698,-0.23803586,0.29734477
6.824,-2.1165252,-2.3439083,-1.7199423,6.837,0.5647694,-0.29423547,0.29429045
6.834,-1.2913532,-1.8190036,-1.389626,6.847,0.60752994,-0.28629422,0.25030816
6.844,-0.43001175,-1.2973472,-1.2501695,6.856,0.6350189,-0.2618596,0.20021719
6.855,0.24609566,-0.7712524,-1.2216501,6.869,0.6411275,-0.19038837,0.15379143
6.869,0.7031536,-0.27813977,-1.9578812,6.877,0.6362406,-0.14701694,0.11897211
6.874,1.1243267,0.06388241,-2.4826999,6.886,0.6148603,-0.14884953,0.093315765
6.885,1.1347723,0.15025717,-2.7763803,6.896,0.5769867,-0.21604471,0.091483176
6.894,1.0228701,0.25801703,-2.9840264,6.906,0.525674,-0.32538956,0.11225259
6.904,0.8545027,0.4210624,-2.8011067,6.916,0.4743613,-0.4658886,0.1525697
6.914,0.55686474,0.72764564,-2.1204467,6.926,0.43465507,-0.6021116,0.20815843
6.924,0.43192577,1.2123318,-1.0453824,6.936,0.37906632,-0.6448721,0.2582494
6.934,0.6703577,1.8682969,0.11160394,6.946,0.30698422,-0.57279,0.27474275
6.945,1.2015467,2.6410255,0.9559914,6.956,0.19702849,-0.3406612,0.23198217
6.954,1.737628,3.4445834,1.4427385,6.969,0.13044417,-0.17084068,0.16600873
6.968,2.102645,4.1086464,1.5425025,6.976,0.09257051,-0.047445904,0.0945375
6.974,1.9349318,4.273392,1.5552579,6.986,0.100511774,-0.02606562,0.04566828
6.984,1.0947866,3.7230177,1.6954882,6.996,0.13044417,-0.055998016,0.029785786
6.994,0.07115269,2.910078,1.8247026,7.006,0.13044417,-0.08409782,0.036505304
7.004,-0.79671955,1.9577713,1.6685704,7.016,0.07485543,-0.10975416,0.07376808
7.014,-1.4020519,1.0858581,1.3038263,7.027,-0.015552629,-0.19038837,0.11042
7.025,-1.176074,0.7301351,0.59409696,7.037,-0.12978442,-0.35593283,0.1385198
7.035,-0.3977375,0.8276719,-0.2441811,7.047,-0.24707055,-0.6063876,0.14401758
7.045,0.9139042,0.9873788,-0.5922744,7.057,-0.32587218,-0.8916617,0.11958298
7.054,2.6345053,1.0011221,-0.18300389,7.072,-0.35397196,-1.0724778,0.0908723
7.065,4.5260715,0.9007354,0.82107264,7.076,-0.35275024,-1.0364367,0.12202644
7.075,6.078885,0.7315955,1.8813322,7.086,-0.37840658,-0.8006428,0.1489045
7.085,7.9242754,0.97232586,2.4147828,7.096,-0.42483234,-0.20016222,0.15012623
7.095,8.130151,0.83678603,3.7526176,7.106,-0.4449909,0.2915843,0.12385903
7.104,6.3691864,0.46713853,5.5118794,7.116,-0.43766052,0.7973807,0.093315765
7.115,4.388132,0.369808,6.403408,7.126,-0.42605406,1.1895562,0.049944337
7.124,2.38095,0.26666328,5.8051214,7.137,-0.3918456,1.3886982,0.0035185795
7.134,0.6682539,0.17184475,4.421875,7.147,-0.34541985,1.4406219,-0.05207016
7.144,-0.9112539,0.17147593,3.0062895,7.156,-0.3026593,1.3801461,-0.10338284
7.154,-3.5289454,0.1328136,0.95919514,7.166,-0.27822468,1.2433124,-0.15286292
7.164,-4.469005,0.113579035,0.045336694,7.177,-0.25012487,1.0185139,-0.1937909
7.175,-5.252917,0.092900425,-0.7010978,7.186,-0.22813372,0.7185791,-0.21028426
7.185,-5.774641,0.026704758,-1.4557605,7.196,-0.20858604,0.36122295,-0.20295388
7.194,-6.024934,-0.09123394,-1.7056489,7.207,-0.16154942,0.0063102394,-0.1675237
7.205,-5.908951,-0.24406126,-1.6884915,7.217,-0.09435424,-0.31561574,-0.119876206
7.215,-5.272436,-0.29384035,-1.4602889,7.226,-0.014941763,-0.57889867,-0.07039611
7.225,-4.4765897,-0.3725696,-1.0003309,7.236,0.13288763,-0.8733357,0.009627232
7.234,-3.4584227,-0.47620147,-0.4814824,7.246,0.18847637,-0.9955088,0.0646051
7.244,-2.119482,-0.52797407,-0.29649815,7.256,0.22879347,-1.0590388,0.08537452
7.254,-0.154109,-0.31839406,0.26529577,7.266,0.25506067,-0.9631329,0.09514837
7.264,1.1536818,-0.36601067,1.2209529,7.278,0.23490213,-0.7035152,0.09392664
7.277,2.321745,-0.39293465,1.7259861,7.286,0.20130454,-0.39136302,0.09759183
7.284,2.8723469,-0.3021335,2.031129,7.296,0.1982502,-0.08715214,0.10614394
7.294,3.092431,-0.16913757,2.393315,7.306,0.19641761,0.24821286,0.12752423
7.304,2.8655825,-0.07650545,2.345501,7.316,0.19458503,0.56341934,0.16723046
7.314,2.2853374,-0.0889622,1.9685587,7.326,0.18908723,0.82486963,0.20815843
7.324,1.5818396,-0.02654022,1.0936756,7.336,0.18236771,0.964147,0.23014958
7.334,0.928915,0.116735145,-0.08290976,7.346,0.18420032,0.9757533,0.2246518
7.344,0.21868229,0.263864,-1.1174932,7.357,0.1756482,0.9238298,0.1928868
7.354,-0.24766827,0.41973522,-2.1487055,7.366,0.123724654,0.7802765,0.14218499
7.365,-0.5463276,0.5556351,-3.4825897,7.382,0.049199086,0.56158674,0.08659625
7.381,-1.012043,0.7951877,-4.2154064,7.386,-0.074806556,0.24210422,0.024898864
7.384,-1.4665718,1.0345707,-4.406147,7.396,-0.16216028,0.11137906,-0.0044226684
7.395,-1.8719416,1.287693,-4.1309156,7.406,-0.24340536,0.058233786,-0.022748627
7.404,-2.0658026,1.6868844,-3.6099963,7.416,-0.29838324,0.048459943,-0.072228715
7.414,-1.7778726,2.279466,-3.0882654,7.426,-0.32220697,0.06067725,-0.12537399
7.424,-1.2986298,2.8659427,-2.7455854,7.436,-0.32037437,0.058233786,-0.18707138
7.434,-1.0575304,3.4031754,-2.486085,7.446,-0.3148766,0.036853503,-0.24510358
7.444,-0.7396612,3.2553096,-2.6038947,7.457,-0.3429764,0.03196658,-0.29641625
7.454,-0.6885023,2.952686,-2.837851,7.467,-0.37901744,0.025247063,-0.33856595
7.465,-0.9025459,2.4037943,-2.8100524,7.476,-0.390013,-0.010793988,-0.365444
7.475,-1.0656195,1.6766989,-2.7407427,7.486,-0.38268265,-0.048056766,-0.36972007
7.484,-1.2460089,0.87680537,-2.695393,7.496,-0.3625241,-0.09631512,-0.36116797
7.494,-1.4245691,0.07141805,-2.583097,7.506,-0.290442,-0.18489058,-0.32818124
7.504,-1.7510271,-0.5382292,-2.2170453,7.516,-0.17437759,-0.31928092,-0.29030758
7.514,-1.4629803,-0.82459617,-1.8530368,7.526,0.07119024,-0.5648488,-0.32818124
7.524,-0.40367508,-1.2279984,-1.4849416,7.536,0.23490213,-0.76948863,-0.36177883
7.534,0.29229546,-2.0549636,-1.508215,7.546,0.34669048,-0.9826806,-0.37399614
7.544,1.4190264,-3.1805775,-1.6324118,7.556,0.3937271,-1.1549447,-0.40209594
7.554,2.9386024,-4.254711,-1.1883336,7.566,0.3845641,-1.2105334,-0.41186976
7.564,4.1882105,-5.114508,-0.3293179,7.576,0.312482,-1.1231797,-0.37888306
7.574,4.5019274,-5.3152504,0.7299416,7.587,0.23551299,-0.8556206,-0.27992287
7.586,3.9107885,-4.4071183,2.782796,7.596,0.149381,-0.6473156,-0.20906253
7.595,3.3514004,-3.276147,3.4803276,7.606,0.12128119,-0.31011796,-0.1235414
7.604,2.4761524,-2.1254885,5.5808234,7.616,0.21413271,-0.004685335,-0.08078082
7.614,2.100278,-0.8294772,6.1596193,7.627,0.32836452,0.24393682,-0.043518044
7.624,1.8785553,-0.06769875,5.543917,7.636,0.50490457,0.41009218,-0.021526895
7.634,1.8527927,0.06296061,4.7654815,7.646,0.6411275,0.46140483,0.016957615
7.645,1.3790741,-0.25377077,3.238649,7.656,0.7962873,0.43330505,0.05483126
7.655,1.3897171,-0.80772334,2.3892145,7.666,0.9520579,0.17429818,0.116528645
7.665,1.5679493,-1.4189413,1.1995529,7.676,0.96549696,-0.033396002,0.15012623
7.675,2.0926342,-2.160065,0.5235598,7.689,0.906243,-0.21054693,0.17211738
7.688,2.6986341,-2.541771,0.3827876,7.697,0.77246356,-0.26735738,0.18311296
7.694,3.1498146,-2.7927146,0.98580265,7.707,0.5794301,-0.15740165,0.16906306
7.704,3.5630817,-2.6659868,1.7665578,7.716,0.40472266,0.07961407,0.13057855
7.714,3.8229866,-2.0785806,2.684186,7.726,0.30637336,0.34900564,0.0664377
7.724,2.7332106,-0.26361555,3.7372804,7.737,0.25017375,0.5902974,0.024898864
7.735,1.5125914,0.29735973,2.9907718,7.747,0.18847637,0.75950706,0.014514154
7.745,0.20359898,0.87757695,2.427603,7.756,0.18542205,0.82792395,0.02550973
7.755,-0.9884224,1.3325617,1.6568583,7.767,0.2177979,0.8047111,0.052998666
7.764,-1.973424,1.5445825,0.989343,7.776,0.2177979,0.7130813,0.07254635
7.775,-2.910759,1.5607673,0.5433289,7.792,0.2300152,0.6165646,0.100035295
7.784,-3.4369512,1.3865023,0.31905252,7.796,0.24345423,0.48095253,0.10675481
7.794,-3.7019572,1.1472689,-0.17780396,7.806,0.203748,0.27203664,0.0646051
7.805,-3.7386684,0.829137,-0.53919864,7.817,0.15854397,0.1370354,0.010848963
7.814,-3.602878,0.3633318,-0.7456752,7.826,0.11028561,0.012418892,-0.04657237
7.825,-3.2752428,-0.04809387,-0.8268477,7.836,0.07241197,-0.09570426,-0.096663326
7.834,-2.8550854,-0.37199998,-0.8112813,7.846,0.039425243,-0.19038837,-0.13820216
7.844,-2.2225618,-0.61676854,-0.8152672,7.856,0.008271116,-0.27713123,-0.16813456
7.854,-1.5271568,-0.7989377,-0.69822425,7.866,0.008271116,-0.3284439,-0.19440176
7.864,-0.7890854,-0.8739091,-0.3497101,7.876,0.011936307,-0.34005034,-0.21028426
7.874,-0.032004356,-0.76979256,0.19735157,7.886,0.055918604,-0.30828536,-0.2041756
7.884,0.5324631,-0.7884712,0.82474166,7.896,0.12922244,-0.19771875,-0.18401705
7.894,1.0937519,-0.8792495,1.5156244,7.906,0.23551299,-0.045613308,-0.17057802
7.904,1.3732452,-1.1191823,1.9559069,7.916,0.33508402,0.1455875,-0.1498086
7.914,1.3434973,-1.325613,1.9058032,7.927,0.40166834,0.33129057,-0.11926533
7.924,1.0956135,-1.4800416,1.481832,7.936,0.44870496,0.4326942,-0.08322428
7.935,0.5590267,-1.7609566,0.8924141,7.947,0.4835243,0.505998,-0.022748627
7.945,0.06498623,-1.6971465,0.06139356,7.956,0.49146554,0.4956133,0.005962041
7.955,-0.23099136,-1.4877052,-0.83603114,7.967,0.50062853,0.4271964,0.023066267
7.965,-0.5641022,-1.2305855,-1.56936,7.976,0.50490457,0.30685595,0.024287999
7.975,-0.97557926,-0.914697,-2.237606,7.986,0.51528925,0.1407006,0.004129445
7.985,-1.1858788,-0.51745677,-2.7653794,7.997,0.51712185,-0.034006868,-0.022748627
7.996,-1.5127993,-0.1370511,-2.9744482,8.007,0.484746,-0.18427972,-0.04412891
8.004,-1.7590466,0.66659,-3.4376562,8.016,0.41632912,-0.29545718,-0.07894823
8.015,-1.7325239,1.0633678,-3.4063895,8.027,0.34302527,-0.38403264,-0.120487064
8.024,-1.7306528,1.404802,-3.165849,8.037,0.28377134,-0.4426757,-0.16324763
8.034,-1.724184,1.7318314,-2.7382197,8.047,0.2526172,-0.47505155,-0.22922108
8.045,-1.7568941,1.9832633,-2.2066028,8.057,0.26544538,-0.50926006,-0.30130318
8.054,-1.8751359,1.968713,-1.8564368,8.067,0.29782125,-0.5336946,-0.38010478
8.065,-1.7806549,1.5471815,-1.7340724,8.077,0.3143146,-0.54285765,-0.43691525
8.075,-1.5307236,0.9328657,-2.332787,8.087,0.27094316,-0.5703466,-0.44974342
8.085,-0.98987484,0.4494649,-3.0735378,8.098,0.17748079,-0.6522025,-0.39659813
8.098,-0.13045883,-0.05352847,-3.4451108,8.106,0.13960715,-0.76338,-0.3220726
8.104,0.9410887,-0.4437778,-3.477035,8.116,0.1438832,-0.9258701,-0.21394946
8.114,1.8657761,-0.74322015,-2.9741879,8.127,0.20558059,-1.0822517,-0.09238726
8.124,2.2678995,-1.0753393,-1.7659476,8.136,0.30026472,-1.1433382,0.03406184
8.135,1.9605579,-1.5048862,0.04134327,8.146,0.38761842,-1.1201253,0.1489045
8.144,1.1943426,-1.7453961,1.5887334,8.156,0.4181617,-1.0413237,0.26802322
8.154,0.6883459,-1.4475611,2.293397,8.166,0.36501643,-0.88127697,0.3376619
8.164,1.0992651,-0.71314883,2.4331105,8.177,0.2458977,-0.64914817,0.314449
8.174,1.7844973,0.38698098,2.3505368,8.186,0.11639427,-0.41885197,0.23442563
8.185,2.2341204,1.6052083,2.1331577,8.201,-0.031435125,-0.2514749,0.15440229
8.2,2.2383394,2.7549472,1.413851,8.206,-0.25317922,-0.1653429,0.05910732
8.204,2.3927336,3.885835,0.41850895,8.216,-0.51768386,-0.12197146,-0.023359492
8.215,2.1236162,4.976546,-0.071247935,8.226,-0.7046086,-0.13724309,-0.09483072
8.225,2.0362902,5.498899,0.11280346,8.237,-0.94528955,-0.26857913,-0.20173214
8.235,1.9581041,5.8014913,0.19263798,8.247,-1.0436388,-0.31133968,-0.2780903
8.244,2.0053139,5.585932,0.972641,8.256,-1.0613539,-0.2514749,-0.33367902
8.254,2.0246954,4.5845594,2.470587,8.267,-1.0204259,-0.06943705,-0.35200498
8.264,1.928319,3.1022494,3.962511,8.276,-0.94223523,0.1773525,-0.33734423
8.274,1.7614346,1.5913823,4.8889275,8.286,-0.838999,0.44918755,-0.28603154
8.284,1.5709629,0.17192572,5.242259,8.296,-0.7259889,0.68986845,-0.21883637
8.294,0.81109333,-1.939668,4.30038,8.306,-0.5934312,0.84747165,-0.13026091
8.304,0.1639967,-2.6365795,3.2496717,8.316,-0.46026254,0.8920648,-0.014196511
8.314,-0.45152473,-2.9637642,1.9829415,8.327,-0.32220697,0.81631756,0.11591779
8.324,-1.0165224,-2.986383,0.96920574,8.336,-0.17621018,0.63183624,0.24847554
8.335,-1.3963223,-2.747252,0.16548866,8.346,-0.04365243,0.41620082,0.35598785
8.344,-1.5570726,-2.296877,-0.1961182,8.356,0.05408601,0.23171951,0.4250156
8.355,-1.641407,-1.8596444,-0.2787871,8.366,0.12983331,0.111989915,0.4604458
8.364,-1.5848618,-1.4194703,-0.03699383,8.376,0.18664376,0.06617503,0.4689979
8.374,-1.4497471,-1.0660607,-0.16368835,8.387,0.15121359,0.12481809,0.44761762
8.384,-1.1152496,-0.7001339,-0.20956746,8.396,0.10723129,0.16574606,0.39997014
8.395,-0.9657488,-0.012625396,-0.33991408,8.407,0.032094862,0.18773721,0.3584313
8.406,-0.7629986,0.41339782,-0.7136638,8.416,-0.033878587,0.17429818,0.29673392
8.414,-0.4916048,0.91164577,-0.81208855,8.426,-0.09924117,0.14436579,0.2368691
8.424,-0.22459888,1.3175406,-0.8226339,8.436,-0.14627779,0.12970501,0.18677814
8.434,-0.0721426,1.5934896,-0.4956056,8.446,-0.19209269,0.1651352,0.14523931
8.444,-0.005586624,1.8970723,-0.1212123,8.456,-0.23057719,0.21583702,0.116528645
8.454,0.106656075,2.1657224,0.025929973,8.467,-0.26295304,0.2903626,0.11408518
8.464,-0.2118988,2.1430056,0.17639293,8.476,-0.25928786,0.35633603,0.10736567
8.474,-0.23706818,2.1193333,0.4165905,8.487,-0.22752286,0.4626266,0.10675481
8.484,-0.42010403,1.8372155,0.5654449,8.496,-0.19514701,0.58235615,0.11103086
8.495,-0.45812225,1.4741884,0.23004794,8.51,-0.15421903,0.6458861,0.11775038
8.509,-0.40494442,0.9353543,-0.3907675,8.517,-0.10107376,0.6397775,0.12141557
8.515,-0.37665272,0.52348495,-1.0478905,8.526,-0.09313251,0.57502574,0.11775038
8.525,-0.3781128,0.21980155,-1.9107424,8.537,-0.1145128,0.46873525,0.09392664
8.534,-0.2970047,0.08565381,-2.6240335,8.546,-0.17254499,0.34045354,0.063994244
8.544,-0.28442097,-0.002440095,-3.2047272,8.556,-0.22752286,0.24149336,0.026120594
8.554,-0.35607052,0.16847149,-3.4038224,8.566,-0.2727269,0.18895894,0.012070693
8.564,-0.6841326,0.46207392,-3.1064212,8.576,-0.3197635,0.15780482,0.010238098
8.574,-1.263566,1.4004068,-2.5372162,8.586,-0.3460307,0.12481809,0.006572906
8.584,-1.3017588,1.9990498,-2.349419,8.596,-0.37474138,0.105881274,-0.012363916
8.594,-1.3420792,2.4532447,-2.1522582,8.611,-0.40284118,0.118709445,-0.03740939
8.604,-1.5017042,2.5965502,-1.9621401,8.616,-0.43033013,0.14986357,-0.061233137
8.614,-1.5351458,2.471457,-1.9594378,8.626,-0.4517104,0.16757865,-0.077115625
8.624,-1.5513659,2.2077746,-2.0290093,8.637,-0.4694255,0.17857423,-0.09971765
8.634,-1.5600338,1.8591526,-2.3210778,8.646,-0.49813616,0.17674164,-0.11621101
8.645,-1.6784935,1.4312685,-2.6004438,8.656,-0.5237925,0.14680924,-0.14064562
8.655,-1.7811251,1.0789495,-2.706538,8.666,-0.4816428,0.072283685,-0.15103033
8.665,-1.7840862,0.79966015,-2.6801844,8.676,-0.40467378,-0.048056766,-0.17179975
8.675,-1.5569401,0.64652944,-2.6942887,8.686,-0.28616592,-0.260027,-0.19195831
8.684,-1.3867855,0.47398472,-2.5833986,8.696,-0.16093855,-0.50681657,-0.22616675
8.694,-0.92374516,0.3088038,-2.3111546,8.706,-0.07236309,-0.7175651,-0.28969672
8.704,-0.017706871,-0.05010575,-1.9469132,8.717,-0.036322046,-0.8849422,-0.3642223
8.714,0.93911076,-0.76645577,-1.3265795,8.726,-0.052815408,-0.9606895,-0.42286536
8.724,2.01015,-1.6296983,-0.74642926,8.736,-0.09740858,-0.9234267,-0.4271414
8.734,2.9684286,-2.6978002,-0.026153862,8.746,-0.123064905,-0.8342404,-0.39965248
8.744,4.04014,-3.8278534,0.78572714,8.756,-0.08702387,-0.7285607,-0.33490077
8.754,4.5581226,-4.806761,1.8224633,8.766,-0.009443976,-0.6082202,-0.20051041
8.764,4.248251,-5.3014116,2.9811053,8.777,0.050420817,-0.45183867,-0.0477941
8.774,3.6545944,-5.075447,3.8466597,8.787,0.12067032,-0.26796827,0.079876736
8.785,2.9396114,-4.5847626,4.5821767,8.796,0.25628242,-0.060274072,0.18311296
8.795,2.4029064,-4.1711187,5.1702394,8.807,0.42610294,0.18895894,0.2741319
8.805,2.016429,-4.037094,4.6555133,8.816,0.5788193,0.36794248,0.29673392
8.815,1.7579317,-3.52067,4.670557,8.827,0.7095444,0.48828295,0.2863492
8.826,1.8078432,-2.9922056,4.0801105,8.837,0.7822374,0.4980568,0.24786468
8.835,1.9795208,-2.6411195,2.8508694,8.847,0.8048394,0.40825957,0.20327151
8.844,2.1652584,-2.2981293,1.6466193,8.856,0.7596354,0.2549324,0.15318055
8.854,2.6720247,-1.1023563,0.14806408,8.867,0.6502905,0.10099435,0.10614394
8.864,2.6807146,-0.34832975,0.041882753,8.876,0.5097915,-0.02850908,0.07376808
8.874,2.4983425,0.15440789,0.517555,8.886,0.3460796,-0.09081733,0.07376808
8.884,2.3290548,0.56263095,1.191179,8.897,0.18542205,-0.057830613,0.08903971
8.894,2.1291847,0.83635676,2.0693514,8.906,0.05164255,0.06556417,0.103700474
8.904,1.7412262,0.9136975,2.9614305,8.916,-0.03204599,0.26470625,0.12080471
8.914,1.1899433,0.73491704,3.6289911,8.929,-0.06930877,0.49011555,0.13974153
8.929,0.42274094,0.4509154,3.5214164,8.936,-0.094965115,0.66665554,0.16112182
8.934,-0.29057884,0.108610585,2.5968807,8.946,-0.13650395,0.8199827,0.19044334
8.945,-1.0451756,-0.20773324,2.1306005,8.957,-0.19270355,0.8218153,0.1947194
8.955,-1.8860292,-0.32342473,1.1794062,8.966,-0.25073576,0.79676986,0.196552
8.965,-2.4131188,-0.38334173,0.67705166,8.976,-0.31609833,0.72346604,0.1806695
8.974,-2.8542066,-0.4045704,0.07257131,8.986,-0.38207176,0.6245059,0.16051094
8.985,-3.2420487,-0.47722733,-0.35370824,8.996,-0.42666495,0.4962242,0.13485461
8.995,-3.341257,-0.6041201,-0.61578035,9.006,-0.44010398,0.34656218,0.10675481
9.005,-3.0552497,-0.72107935,-0.84447575,9.016,-0.4413257,0.21828048,0.0804876
9.015,-2.4394097,-0.68731564,-1.053502,9.032,-0.45842993,0.11443338,0.05360953
9.025,-1.6530237,-0.5123244,-1.4080939,9.036,-0.48775145,-0.004074469,0.024287999
9.035,-0.8193674,-0.18637393,-1.653291,9.047,-0.517073,-0.119527996,-0.00808786
9.044,-0.09779453,0.1719155,-1.5359395,9.056,-0.5408967,-0.19955136,-0.03740939
9.054,0.4160328,0.4422449,-1.1201369,9.066,-0.558001,-0.20016222,-0.06428747
9.064,0.82541656,0.56121904,-0.3699416,9.076,-0.54578364,-0.106088966,-0.0899438
9.074,1.0206814,0.51405805,0.5908066,9.086,-0.4798102,0.1633026,-0.11132409
9.084,0.91481113,0.1267904,1.3726603,9.096,-0.42666495,0.35389256,-0.1235414
9.094,0.7718687,-0.2973314,1.6495256,9.106,-0.36618927,0.50844145,-0.1320935
9.104,0.3689909,-0.7065517,1.5588152,9.116,-0.3026593,0.58602136,-0.12781745
9.115,0.03536606,-1.0841645,1.0762988,9.126,-0.23424238,0.57869095,-0.115600154
9.124,-0.32262802,-1.3747767,0.4052081,9.136,-0.18659489,0.5169936,-0.09971765
9.134,-0.6181202,-1.5126907,-0.2627426,9.147,-0.17010154,0.43025073,-0.08139169
9.144,-0.91386604,-1.4997191,-1.3509107,9.157,-0.16277115,0.35083824,-0.056957077
9.154,-1.0339899,-1.4729992,-1.3992555,9.166,-0.12428664,0.2830322,-0.027024683
9.164,-0.99013233,-1.2861838,-1.2540724,9.176,-0.05770233,0.22011308,-0.0044226684
9.174,-0.8150196,-1.0708166,-1.1876562,9.186,0.025375344,0.18529375,-0.007476995
9.184,-0.62972736,-0.9061671,-1.2306617,9.196,0.118226856,0.16024828,-0.014196511
9.194,-0.707037,-1.0670371,-1.3338293,9.206,0.203748,0.10404867,-0.023970354
9.204,-0.88656616,-1.2129043,-1.6608974,9.216,0.25383896,0.061288107,-0.016639974
9.215,-0.8310633,-1.2169235,-1.9934881,9.226,0.2880474,-0.02850908,-0.006866129
9.224,-0.75469685,-1.136253,-2.2341695,9.237,0.2953778,-0.07371311,0.0029077148
9.236,-0.72580624,-1.04544,-2.1977925,9.246,0.2972104,-0.10853243,0.015735885
9.245,-0.6972351,-0.8538725,-2.1514807,9.256,0.28560394,-0.11891714,0.02550973
9.255,-0.6592188,-0.5835501,-2.0300002,9.266,0.2691106,-0.090206474,0.030396651
9.265,-0.6653948,-0.28449732,-1.9021984,9.276,0.24650857,-0.04011552,0.03955963
9.274,-0.86396885,-0.023439616,-1.8379011,9.286,0.22696088,0.013029758,0.0523878
9.285,-1.0908604,0.16878626,-1.7889491,9.297,0.23734559,0.028301384,0.06582683
9.295,-1.2694845,0.2889847,-1.7413037,9.306,0.25322807,0.009364564,0.06949203
9.305,-1.2839909,0.51507866,-1.8847861,9.316,0.27094316,-0.019956967,0.06582683
9.315,-1.3332787,0.6032234,-1.8570967,9.326,0.29415604,-0.047445904,0.062161643
9.325,-1.4580336,0.48785657,-1.6532453,9.34,0.3075951,-0.07921089,0.06093991
9.339,-1.3098383,0.2908841,-1.639806,9.346,0.30270818,-0.1054781,0.05910732
9.344,-0.8814602,0.0984367,-1.6298366,9.356,0.29415604,-0.12624753,0.07132462
9.354,-0.5343065,-0.20569998,-1.5079947,9.366,0.30148643,-0.23498154,0.103700474
9.364,-0.21441936,-0.4567656,-1.435487,9.376,0.32714278,-0.33149824,0.13302201
9.374,0.014643669,-0.58591276,-1.2932179,9.386,0.31187114,-0.4237389,0.17944777
9.384,0.20329094,-0.6105685,-1.1759143,9.396,0.24345423,-0.49826443,0.2368691
9.395,0.3349161,-0.42335284,-1.1399744,9.406,0.123724654,-0.56362706,0.27657536
9.405,0.7065258,0.14876287,-1.0043039,9.417,-0.021050416,-0.58012044,0.29429045
9.414,1.2091713,0.9423685,-0.5956447,9.426,-0.1493321,-0.514147,0.27901882
9.425,2.4472275,2.6899192,0.89141756,9.442,-0.19575787,-0.40052602,0.21854314
9.434,2.9909315,3.1873436,1.7393448,9.446,-0.1493321,-0.29423547,0.11836125
9.444,3.133006,3.068321,2.3412728,9.456,-0.031435125,-0.21726644,0.005962041
9.454,2.637311,2.5208364,2.496254,9.466,0.08524014,-0.15984511,-0.07467218
9.464,1.8308134,1.7440894,2.2515461,9.476,0.17137215,-0.13785397,-0.096663326
9.474,0.90785503,0.9424486,1.8293314,9.486,0.21413271,-0.14213002,-0.0655092
9.485,0.19568443,0.25309184,1.5154766,9.496,0.21535444,-0.16412117,0.009627232
9.494,-0.10672951,-0.09580898,1.1240011,9.506,0.16526349,-0.21421212,0.16356526
9.504,0.34549046,6.801188E-4,0.65318626,9.517,0.024764478,-0.3675393,0.26435804
9.514,1.4951115,0.29971272,0.29676935,9.526,-0.076639146,-0.49765357,0.35720956
9.525,2.9136553,0.6580527,0.19721243,9.536,-0.19942306,-0.57401174,0.4201287
9.534,4.4657955,1.4483312,0.35143036,9.548,-0.3185418,-0.5507989,0.38958544
9.547,5.8280497,2.2819529,1.3178257,9.556,-0.34053293,-0.4200737,0.26313633
9.554,5.916133,2.1480029,3.3492339,9.566,-0.32098526,-0.15190385,0.12385903
9.564,4.717181,1.5039216,4.869279,9.576,-0.3270939,0.23599558,0.004740311
9.575,3.298585,0.8751985,5.342487,9.586,-0.33870035,0.59823865,-0.085667744
9.584,1.9669037,0.33189592,4.8567214,9.596,-0.35213938,0.84624994,-0.15591726
9.594,0.73167515,-0.09719926,3.9287722,9.606,-0.32831562,0.9720882,-0.21578205
9.604,-0.5134754,-0.26631516,3.0424657,9.616,-0.29593977,1.013627,-0.25426653
9.614,-1.8191228,-0.4328689,2.2203736,9.627,-0.24462709,0.995301,-0.2707599
9.624,-2.9431162,-0.5957912,1.536507,9.636,-0.17193413,0.9128342,-0.26831645
9.635,-3.8556442,-0.73132896,0.81941557,9.65,-0.094965115,0.75462013,-0.23716234
9.649,-4.499877,-0.75787497,-0.08971244,9.656,-0.005167919,0.35083824,-0.15530638
9.654,-4.8220754,-0.6299258,-1.0118945,9.666,0.036981784,0.028301384,-0.09299813
9.664,-4.8519454,-0.39861792,-1.6557915,9.677,0.07546629,-0.27896383,-0.031911604
9.674,-4.541631,-0.10038169,-1.88325,9.686,0.12433551,-0.53735983,0.009016368
9.684,-3.9315777,0.1463257,-1.4833045,9.696,0.17503732,-0.7151216,0.028564055
9.694,-2.9278212,0.3242454,-0.90888363,9.706,0.23062608,-0.77071035,0.04566828
9.704,-1.7784824,0.37549514,0.96102536,9.716,0.27644095,-0.66808504,0.06582683
9.714,0.10986042,0.119347386,1.5730045,9.726,0.2953778,-0.45183867,0.09575923
9.724,0.8189192,-0.031926304,1.7199258,9.736,0.30331904,-0.22704029,0.115306914
9.735,1.2046738,-0.04979454,1.5684627,9.752,0.31187114,-0.048056766,0.13057855
9.744,1.5277796,0.20069763,1.2856057,9.756,0.30270818,0.105881274,0.12385903
9.754,1.5449715,0.4349419,0.9895687,9.766,0.28438222,0.24149336,0.10980913
9.764,1.3674545,0.5958178,0.67661977,9.777,0.28316048,0.3410644,0.09392664
9.774,0.52838993,0.4783885,0.5793091,9.786,0.26300192,0.4449115,0.08781798
9.784,0.15894318,0.5424229,-0.15577215,9.796,0.14021802,0.5304326,0.065215975
9.794,-0.026902199,0.66464376,-1.0959744,9.806,0.057140335,0.492559,0.030396651
9.805,-0.20989037,0.80029374,-1.6804719,9.816,-0.012498302,0.38932276,0.011459828
9.815,-0.5834389,0.6300304,-2.1236808,9.826,-0.063200116,0.25248894,0.015735885
9.825,-0.94337654,0.30888972,-2.309879,9.836,-0.116956264,0.118709445,0.021844538
9.834,-1.0601835,0.11616321,-2.4083958,9.847,-0.15788423,0.042351287,0.049333476
9.844,-1.1971464,0.01449585,-2.0393548,9.857,-0.17254499,0.047238212,0.07376808
9.855,-1.2663031,0.13273616,-1.4461299,9.866,-0.17682105,0.11260079,0.08109847
9.864,-1.0707645,0.46021718,-1.1185323,9.876,-0.14811039,0.16818953,0.06338337
9.875,-0.78388786,0.924187,-1.0322311,9.886,-0.09191078,0.2127827,0.02550973
9.885,-0.59139824,1.3679209,-1.1078613,9.896,-0.030213395,0.23477383,-0.019083433
9.895,-0.5845146,1.6409318,-1.4225819,9.906,0.028429668,0.20972838,-0.07161784
9.904,-0.49172974,1.7466452,-1.8941058,9.916,0.06996851,0.13886799,-0.11682187
9.914,-0.5274725,1.6169186,-2.409326,9.926,0.07241197,0.045405615,-0.15164119
9.924,-0.7409315,1.3847411,-2.7901227,9.936,-0.022883011,-0.037061192,-0.1534738
9.934,-1.1141043,1.1217182,-2.9780846,9.946,-0.13222788,-0.024843888,-0.13514784
9.945,-1.3187399,0.9553546,-3.120437,9.958,-0.23974016,0.013029758,-0.1058263
9.957,-1.5745573,0.88758653,-2.946219,9.966,-0.31365487,0.053957727,-0.086889476
9.965,-1.6396332,0.9821344,-2.8060074,9.977,-0.34053293,0.08083579,-0.08444601
9.974,-1.518774,1.1692306,-2.6864767,9.986,-0.29105285,0.051514264,-0.10093938
9.985,-1.5196829,1.4006559,-2.548597,9.997,-0.16154942,-0.113419354,-0.14003475
9.994,-0.6620035,1.7968113,-2.5136094,10.006,-0.017385224,-0.35593283,-0.22372329
10.005,0.38858414,1.7031153,-2.7490463,10.016,0.071801096,-0.6082202,-0.33123556
10.014,1.4756079,1.2279692,-2.865044,10.026,0.12250292,-0.8562315,-0.43325007
10.024,2.5829506,0.38991117,-2.3206444,10.036,0.15487878,-1.0382693,-0.51938206
10.034,3.5076923,-0.80743074,-1.1747365,10.046,0.14754839,-1.071867,-0.5810794
10.044,4.0128765,-2.2776895,-0.16893148,10.059,0.11089648,-0.9997848,-0.5798577
10.058,3.9376945,-3.853654,0.95318806,10.066,0.055918604,-0.82690996,-0.4900605
10.064,3.369772,-4.8079605,2.0438795,10.076,-0.047928486,-0.40724552,-0.2677056
10.075,2.5814447,-4.658956,2.4831572,10.086,-0.24523796,-0.14457348,-0.16508023
10.085,2.0500069,-3.6297705,3.1370442,10.096,-0.25073576,0.015473217,-0.13026091
10.094,1.6344843,-2.2517686,3.8480544,10.106,-0.32831562,0.107103005,-0.12415226
10.104,1.1350136,-1.5208418,3.3250914,10.116,-0.31243312,0.2213348,-0.119876206
10.114,0.9736948,-0.89100075,3.784111,10.126,-0.19820133,0.19567846,-0.15652812
10.124,1.4847107,-0.6241829,3.6056187,10.136,-0.030213395,0.06617503,-0.18768224
10.134,1.9676018,-0.7746046,3.248221,10.146,0.15854397,-0.09203906,-0.18218446
10.144,2.48139,-1.1046178,2.9342186,10.162,0.32958624,-0.22459683,-0.14186735
10.154,3.1755066,-1.3046892,2.7964165,10.166,0.44381803,-0.26980084,-0.098495916
10.165,3.8006277,-1.279801,2.8385735,10.176,0.47069612,-0.21421212,-0.05207016
10.174,3.9708748,-1.3010268,2.9261675,10.186,0.39617056,-0.06943705,-0.003200937
10.184,3.8068905,-1.2014126,2.9020133,10.196,0.26300192,0.12542896,0.024287999
10.194,3.419794,-0.9896921,2.8978825,10.206,0.11944859,0.37405112,0.03284011
10.204,2.8575726,-0.8477888,3.1155748,10.216,-0.011887437,0.61412114,0.016957615
10.214,1.8511734,-0.8453528,2.9158418,10.226,-0.18537316,0.8193719,0.029785786
10.224,0.52213955,-0.85009,2.145857,10.236,-0.27028343,0.8419739,0.03955963
10.234,-0.5747099,-0.6902751,1.4288912,10.247,-0.3197635,0.7851634,0.05727472
10.244,-1.5731812,-0.4596651,0.8857272,10.256,-0.32587218,0.6800946,0.08109847
10.254,-2.4795756,-0.2768287,0.5898609,10.267,-0.30632448,0.5340978,0.11042
10.265,-3.2382226,-0.119403206,0.27164254,10.276,-0.26600736,0.36427727,0.1385198
10.274,-4.0507855,0.09814093,-0.16533554,10.286,-0.2250794,0.17796338,0.15195884
10.285,-3.9458237,0.19329673,-0.49311903,10.296,-0.20186652,-0.005907066,0.14340672
10.294,-3.5796642,0.28500733,-0.8195722,10.306,-0.21774901,-0.16289943,0.112863466
10.305,-2.9212637,0.3610744,-0.9020295,10.316,-0.2464597,-0.26857913,0.06582683
10.314,-2.3020048,0.36629152,-0.65519416,10.326,-0.27639207,-0.31072882,0.012681559
10.324,-1.656889,0.24341215,-0.34367085,10.336,-0.30143756,-0.31133968,-0.03924199
10.335,-0.86343765,-0.0030959174,-0.082903326,10.346,-0.3197635,-0.2777421,-0.08933294
10.345,-0.20632553,-0.21736704,0.34865448,10.356,-0.32159612,-0.19466443,-0.13087177
10.355,0.4977455,-0.23756899,0.5859171,10.369,-0.32403958,-0.0034636036,-0.19806695
10.368,0.98437214,-0.20543313,0.6791882,10.377,-0.33014822,0.12237464,-0.23288627
10.374,1.1366224,-0.26931086,0.5379822,10.386,-0.3429764,0.21522616,-0.24266012
10.384,1.0655603,-0.28257132,0.3044605,10.396,-0.3606915,0.3062451,-0.24571444
10.395,0.9793873,-0.27725714,0.391186,10.406,-0.35275024,0.37466198,-0.22861022
10.405,0.61120987,-0.42375997,0.48680678,10.417,-0.3270939,0.40703785,-0.179741
10.415,0.18362236,-0.67438364,0.3626561,10.426,-0.29838324,0.40825957,-0.1180436
10.425,-0.14675617,-0.8906319,0.051279545,10.436,-0.27761382,0.40337265,-0.057567943
10.434,-0.3574028,-1.0756962,-0.24385199,10.446,-0.2427945,0.39115536,-0.00930959
10.445,-0.43881512,-1.2161822,-0.50875497,10.456,-0.19331442,0.3606121,0.04322482
10.454,-0.55150795,-1.4156538,-0.795892,10.47,-0.14016913,0.34167528,0.09881356
10.469,-0.6454134,-1.5523013,-1.113337,10.476,-0.07908261,0.30441248,0.14157413
10.474,-0.60561085,-1.5741926,-1.4254689,10.486,9.407331E-4,0.24515854,0.1666196
10.484,-0.6333561,-1.4783058,-1.6042227,10.496,0.08157495,0.18773721,0.18311296
10.494,-0.7467413,-1.3544147,-1.7693986,10.507,0.1756482,0.09916176,0.1892216
10.504,-0.8763914,-1.3148593,-2.0708354,10.516,0.21657617,0.02707966,0.17822604
10.515,-0.92915726,-1.1531159,-2.5120583,10.526,0.26788884,0.02707966,0.15623489
10.525,-1.0436068,-0.9992826,-2.7131991,10.537,0.31859067,-0.12808011,0.13363288
10.535,-1.0384083,-0.90494597,-2.8038511,10.546,0.35890776,-0.18977751,0.12691335
10.545,-1.1646633,-0.81031215,-2.8843553,10.556,0.3900619,-0.23131634,0.13546547
10.555,-1.3377323,-0.70901775,-2.7577515,10.572,0.4199943,-0.27346605,0.1489045
10.564,-1.5429497,-0.25005323,-2.4692063,10.576,0.4584788,-0.31317228,0.1525697
10.574,-1.6604576,0.046977445,-2.0596495,10.586,0.49879593,-0.32722217,0.14768277
10.585,-1.6566525,0.3003557,-1.7245278,10.596,0.5287283,-0.3284439,0.13424374
10.594,-1.5410299,0.47095954,-1.5457091,10.606,0.5232305,-0.314394,0.111641735
10.604,-1.2489939,0.6476792,-1.6603742,10.616,0.47863737,-0.27529863,0.08537452
10.614,-0.93742466,0.8082769,-1.8308325,10.626,0.42671382,-0.24414451,0.067048565
10.624,-0.6602335,0.8844746,-1.9992689,10.636,0.3882293,-0.2636922,0.04750088
10.635,-0.3444538,0.9683546,-2.1463237,10.646,0.33752748,-0.31072882,0.027342323
10.644,-0.0798769,0.91561294,-2.1741157,10.656,0.29293433,-0.33455256,0.045057416
10.654,0.26169014,0.7905463,-2.2830298,10.666,0.26300192,-0.41518676,0.08293106
10.664,0.7618065,0.7826184,-2.3405676,10.677,0.25689328,-0.5526315,0.12935682
10.676,1.2423067,0.9031153,-2.0529647,10.686,0.2691106,-0.7145108,0.15867835
10.685,1.6986694,1.297991,-1.4226375,10.696,0.2721649,-0.86356187,0.15440229
10.694,2.1956673,1.9831882,-0.66682315,10.706,0.24834117,-0.9099876,0.12813509
10.705,2.6040096,2.417409,0.49265373,10.717,0.28193876,-0.922205,0.07010289
10.715,2.6095257,2.2143366,1.9870442,10.726,0.30942768,-0.8214122,0.021844538
10.724,2.2525034,1.603494,3.273644,10.736,0.29965383,-0.600279,0.013292424
10.734,1.5448341,0.89991355,3.8984678,10.746,0.24101079,-0.3284439,0.049333476
10.744,0.81328773,0.22804771,4.0263457,10.756,0.19580676,-0.117695406,0.09942442
10.754,0.32328892,-0.2326514,3.8038774,10.766,0.16220917,-0.018735236,0.15012623
10.764,0.11158371,-0.4874997,3.2037377,10.779,0.09867917,-0.018735236,0.20266065
10.778,0.31708717,-0.37929395,2.399219,10.786,-0.036322046,-0.1616777,0.30284256
10.784,1.2568789,0.09717092,1.3807068,10.796,-0.09313251,-0.31683746,0.40546793
10.794,2.9167747,0.39956135,0.36284372,10.806,-0.15910596,-0.53735983,0.4830478
10.805,5.152154,1.1957462,-0.3957798,10.816,-0.32465044,-0.690687,0.43967637
10.814,7.4472656,2.6227164,-0.8733733,10.826,-0.45598647,-0.5996681,0.3003991
10.824,7.690325,3.0913558,0.89380765,10.836,-0.5225708,-0.32233524,0.1788369
10.834,5.762266,2.480343,3.9259024,10.846,-0.5787704,0.074116275,0.11836125
10.845,2.1929893,1.0174396,6.2184587,10.856,-0.6490199,0.49988934,0.06888116
10.854,1.0666513,0.71817577,5.514059,10.866,-0.71010643,0.81265235,0.010848963
10.864,-0.19923878,0.48753273,4.4029317,10.876,-0.7565322,0.99957716,-0.03252247
10.874,-1.5678663,0.2523466,3.4933045,10.886,-0.7785233,1.1113654,-0.06062227
10.884,-2.5740333,0.092432484,2.6608098,10.896,-0.7699712,1.1700085,-0.086889476
10.894,-3.3531542,-0.19219783,1.8526392,10.906,-0.69300216,1.1327457,-0.08811121
10.904,-3.8939214,-0.5988889,0.8639812,10.917,-0.580603,0.96720123,-0.06734179
10.914,-4.003574,-0.9197028,-0.61999416,10.926,-0.4730907,0.48767206,-0.03130074
10.924,-3.8745427,-1.0428145,-1.7354414,10.936,-0.30571362,0.13947886,0.008405502
10.934,-3.5420303,-1.0825841,-1.9940621,10.946,-0.17987537,-0.13113444,0.048111744
10.944,-2.9718328,-0.95876056,-1.5700703,10.956,-0.039376374,-0.28018555,0.08415279
10.954,-2.3817658,-0.7621163,-0.5863275,10.966,0.09257051,-0.31744832,0.12508076
10.964,-1.8516946,-0.7265557,0.3200538,10.976,0.2019154,-0.26063788,0.1507371
10.974,-1.1406965,-0.6398556,0.90843534,10.988,0.2953778,-0.18000366,0.15379143
10.987,-0.4797039,-0.46559656,1.1059973,10.997,0.36379468,-0.09692599,0.13790894
10.995,-0.00406456,-0.2943471,1.0447159,11.006,0.3955597,-0.01445918,0.12569162
11.004,0.24178886,-0.11383799,0.9515111,11.016,0.38089892,0.074116275,0.11408518
11.015,0.30095482,0.06255554,0.621231,11.026,0.2880474,0.14986357,0.10980913
11.025,0.4224062,0.24241292,0.03644727,11.036,0.16648522,0.21889134,0.10614394
11.035,0.44456005,0.4423913,-0.25077918,11.046,0.070579365,0.23477383,0.09820269
11.045,0.55061436,0.66893446,-0.30618542,11.056,0.038814377,0.23843904,0.104922205
11.054,0.25448322,0.8163819,-0.023764327,11.066,0.005827655,0.31174287,0.10675481
11.065,0.31514454,1.0437009,0.027409986,11.076,-0.011887437,0.45590708,0.07560068
11.075,0.5962734,1.2206386,0.1015034,11.091,-0.04365243,0.4962242,0.0383379
11.09,0.7999306,1.1478133,-0.3657032,11.096,-0.11939973,0.4785091,-0.014196511
11.094,0.99167156,1.1177356,-1.294872,11.106,-0.2073643,0.46384832,-0.041685447
11.104,0.92937183,1.072458,-1.9644805,11.116,-0.32220697,0.46995696,-0.038631123
11.115,0.33765697,0.95218354,-2.3357635,11.126,-0.43155184,0.5011111,-0.030689873
11.124,-0.10834122,1.5621728,-2.6205034,11.136,-0.5030231,0.50721973,-0.034355067
11.134,-0.39904118,2.0289137,-2.684875,11.146,-0.517073,0.47301129,-0.063676596
11.144,-0.5558281,2.224058,-2.5306623,11.156,-0.4785885,0.40948132,-0.11132409
11.154,-0.716588,2.2172055,-2.5170078,11.166,-0.41750196,0.30013645,-0.17485407
11.165,-0.7090616,2.081462,-2.7657168,11.177,-0.37413052,0.18895894,-0.24999051
11.174,-0.8781376,1.6826707,-2.8823295,11.192,-0.3515285,0.10404867,-0.31413135
11.185,-1.0931473,1.1435869,-2.8135383,11.197,-0.34847417,0.07472715,-0.35383758
11.194,-1.4458952,0.61788493,-2.5871408,11.206,-0.35946977,0.08633359,-0.36849836
11.204,-1.7576647,0.13602935,-2.4964032,11.216,-0.37413052,0.13764626,-0.33001384
11.214,-2.1898885,-0.26220366,-2.4610431,11.227,-0.36680013,0.1492527,-0.29763797
11.225,-2.3487234,-0.47513944,-2.594377,11.236,-0.34725246,0.1193203,-0.25487742
11.234,-2.48461,-0.5100018,-2.79493,11.246,-0.30143756,0.053957727,-0.20967339
11.244,-2.5235076,-0.43436438,-2.9693758,11.256,-0.24523796,-0.034006868,-0.18035187
11.254,-2.322977,-0.41814005,-3.1289628,11.266,-0.17865364,-0.19832963,-0.1638585
11.264,-2.012187,-0.3388757,-3.2573447,11.276,-0.055869736,-0.43534532,-0.15286292
11.275,-1.6735172,-0.22485095,-2.9229865,11.286,0.08646187,-0.66869587,-0.20173214
11.285,-0.6517086,-0.16071954,-2.523688,11.297,0.18358944,-0.840349,-0.29275104
11.297,0.3751793,-0.48494303,-2.3030853,11.306,0.2019154,-0.96740896,-0.3904895
11.304,1.4471664,-1.2302512,-2.303639,11.316,0.15610051,-1.0565953,-0.47784323
11.314,2.5872107,-2.097234,-2.118014,11.326,0.06813592,-1.0938581,-0.5462601
11.324,3.6983156,-2.8094568,-1.5234945,11.336,-0.01799609,-1.1005776,-0.57008386
11.334,4.0867367,-3.3196025,-0.26659048,11.346,-0.021661282,-1.0052826,-0.5077756
11.344,3.6354532,-3.6471324,1.9271576,11.356,-0.025937337,-0.75360614,-0.26098606
11.354,2.9674902,-3.258399,3.503561,11.366,-0.08702387,-0.4884906,-0.06428747
11.364,2.4080744,-2.571644,4.150869,11.376,-0.076639146,-0.3705936,0.07804414
11.374,2.3806486,-1.1166736,4.8152895,11.386,0.0015515983,-0.21543385,0.16417614
11.385,2.5601377,-0.17048313,5.4740295,11.399,0.093792245,0.026468795,0.19777372
11.398,3.004055,0.30726093,5.843979,11.406,0.25078464,0.23721729,0.17639343
11.404,3.6080427,0.2703516,5.5832853,11.416,0.38395324,0.3532817,0.112863466
11.414,4.1184874,-0.8469454,3.7916574,11.426,0.52995,0.4149791,0.031007517
11.424,4.01007,-1.7013463,2.9344168,11.436,0.63013196,0.38382497,-0.043518044
11.434,3.5720625,-2.5060747,1.7625036,11.446,0.63196456,0.27692357,-0.08078082
11.444,2.9128428,-2.8449917,0.7061574,11.456,0.51590014,0.15047443,-0.063676596
11.454,2.0469208,-2.7372856,0.49766603,11.467,0.33141884,0.09244223,-1.4661066E-4
11.464,1.2911234,-2.376922,1.1607044,11.477,0.1353311,0.17674164,0.08903971
11.475,0.71061134,-1.7516415,2.063366,11.487,-0.04487416,0.35267085,0.17333911
11.484,0.19575214,-0.9257623,2.5026543,11.502,-0.25379008,0.646497,0.24969727
11.494,-0.14346981,0.20694092,2.479099,11.506,-0.37901744,0.7705026,0.26069286
11.505,-0.9090729,0.92373806,2.0752263,11.516,-0.43033013,0.83036745,0.24969727
11.514,-1.6295414,1.702354,1.9445283,11.526,-0.44621262,0.83220005,0.21976487
11.524,-2.3153114,2.1990454,1.6048505,11.537,-0.43155184,0.78943944,0.17944777
11.535,-2.8610358,2.3960905,1.3013515,11.546,-0.4272758,0.72652036,0.12935682
11.544,-3.2357593,2.4283426,0.7904478,11.556,-0.4236106,0.6935336,0.0804876
11.554,-3.486466,2.21835,0.6407863,11.566,-0.4150585,0.63427967,0.032229245
11.564,-3.635982,1.8195611,0.124560446,11.577,-0.4168911,0.55914325,-0.014196511
11.574,-3.6619506,1.3392826,-0.4304238,11.587,-0.42788666,0.45224187,-0.04657237
11.585,-3.5227556,0.7981995,-0.9992758,11.597,-0.4358279,0.33190143,-0.073450446
11.594,-3.2749925,0.26782882,-1.378011,11.606,-0.43888223,0.20484143,-0.096663326
11.604,-2.828187,-0.23139672,-1.5977969,11.616,-0.42849752,0.08022493,-0.10216111
11.614,-2.3329659,-0.7735083,-1.5423067,11.626,-0.4132259,-0.024233023,-0.1058263
11.624,-1.588314,-1.2440403,-1.407288,11.636,-0.39673254,-0.06577186,-0.11193496
11.634,-0.7078543,-1.5810171,-1.1457915,11.646,-0.36008063,-0.021789562,-0.11743274
11.644,0.28248024,-1.8310417,-0.7919863,11.656,-0.32587218,0.0649533,-0.09788506
11.654,1.0228701,-1.9891425,-0.5211638,11.666,-0.30021584,0.16880038,-0.05817881
11.664,1.5338917,-2.0996156,-0.4178478,11.676,-0.27761382,0.3184624,-0.020305164
11.675,1.7115211,-2.0773509,-0.25187457,11.687,-0.23424238,0.46751353,-0.00808786
11.684,1.9379396,-1.7008444,-0.28166184,11.697,-0.13467135,0.5713606,4.6425313E-4
11.694,1.4613285,-0.8770812,-1.0641531,11.707,-0.09863031,0.6116777,0.0035185795
11.706,0.5880308,-0.95820534,-1.200819,11.717,-0.039376374,0.68559235,4.6425313E-4
11.715,-0.16781521,-0.896464,-1.4940579,11.728,0.0437013,0.68742496,0.010848963
11.724,-0.9375458,-0.97856534,-1.9869437,11.736,0.13288763,0.65077305,0.042003088
11.734,-1.6979799,-1.1389607,-2.4401522,11.746,0.2177979,0.54326075,0.0908723
11.745,-2.2470827,-1.2455382,-3.0151885,11.757,0.3057625,0.34656218,0.14585018
11.754,-2.5651112,-1.291627,-3.4117498,11.766,0.39617056,0.08816618,0.18128036
11.764,-2.6802692,-1.3175843,-3.2937908,11.776,0.4884112,-0.13174531,0.20449324
11.774,-2.7015877,-1.4289155,-2.9351077,11.786,0.5977561,-0.33271995,0.2368691
11.784,-2.3636994,-1.5750754,-2.4926534,11.796,0.65762085,-0.39197388,0.25336248
11.794,-1.7388878,-1.5857255,-2.0509489,11.808,0.711377,-0.4054129,0.25580594
11.807,-0.75293446,-1.4143016,-1.7974358,11.816,0.73214644,-0.3883087,0.23137131
11.814,0.3177271,-0.9410136,-1.8692017,11.826,0.73031384,-0.33882862,0.18494555
11.824,1.0227833,-0.35323942,-1.9561113,11.836,0.7009923,-0.28018555,0.11713952
11.834,1.3810892,0.27517095,-2.147498,11.846,0.66495126,-0.24170105,0.04078136
11.844,1.3085032,0.7133242,-2.2783892,11.856,0.6166929,-0.22642942,-0.025192086
11.854,0.99268055,1.0291119,-2.5714417,11.866,0.53300434,-0.24597712,-0.07833736
11.864,0.52457714,1.1632535,-2.9034815,11.877,0.4462615,-0.3351634,-0.108880624
11.874,0.1676817,1.0536656,-3.041997,11.886,0.33997095,-0.47993848,-0.11132409
11.885,0.0910759,0.9082579,-3.2027867,11.896,0.20435886,-0.658922,-0.08444601
11.894,0.36702633,1.1220422,-3.1955426,11.912,0.09745744,-0.8598967,-0.031911604
11.904,0.99610233,1.5137541,-2.4870577,11.917,0.07424456,-1.0785865,0.045057416
11.914,1.8854456,2.0046885,-1.2313299,11.927,0.15548964,-1.1860987,0.16845219
11.925,2.842763,2.4430494,0.6241583,11.936,0.1933633,-1.0633148,0.20143892
11.934,3.7159348,2.6640065,2.3968167,11.947,0.1353311,-0.82935345,0.18677814
11.945,4.0418787,2.3954544,4.1374235,11.957,-0.011276572,-0.432291,0.17639343
11.955,3.1387224,2.0349987,4.6858587,11.966,-0.120010585,-0.01568091,0.15318055
11.965,1.7695951,1.6032059,5.986102,11.976,-0.15788423,0.28791913,0.090261444
11.975,0.9090748,1.6361908,4.8438916,11.987,-0.18537316,0.46140483,0.024898864
11.984,0.7873306,2.254823,2.8224354,11.997,-0.21591642,0.4760656,-0.035576794
11.995,1.464694,2.9512506,0.9205343,12.006,-0.226912,0.2689823,-0.09483072
12.005,2.3523655,3.401348,-0.70193017,12.016,-0.26112044,-0.066993594,-0.17118889
12.015,3.0012083,3.2703586,-1.7344764,12.027,-0.33381343,-0.41579762,-0.23532973
12.024,3.1492376,2.3749704,-1.4683571,12.037,-0.39428908,-0.66014373,-0.27198163
12.035,3.0286188,1.0630679,0.08817744,12.046,-0.4242215,-0.7493301,-0.28114462
12.045,2.8079185,-0.10996231,1.796289,12.056,-0.4572082,-0.6723611,-0.2689273
12.054,2.3160973,-0.9627186,3.376206,12.066,-0.5072991,-0.2814073,-0.2060082
12.064,1.6452055,-1.3580487,4.654428,12.076,-0.5115752,0.06556417,-0.15225206
12.074,0.9751034,-1.4039723,5.374443,12.086,-0.47736675,0.41742256,-0.09788506
12.085,0.28827286,-1.1912639,5.518387,12.096,-0.43521705,0.67154247,-0.051459294
12.094,-0.45994377,-1.0470392,4.5810685,12.106,-0.37657398,0.8169284,-0.017861705
12.104,-1.1842318,-0.7448577,3.4692984,12.118,-0.31426573,0.84991515,-0.0044226684
12.118,-1.8414612,-0.3877274,2.3226266,12.127,-0.2739486,0.80043507,-0.005033534
12.124,-2.520831,-0.10435645,1.2548856,12.136,-0.24523796,0.6904793,-0.021526895
12.135,-3.0488615,0.11382103,0.47131056,12.146,-0.2250794,0.54142815,-0.053902756
12.145,-3.4871025,0.19073798,-0.0154658705,12.156,-0.17926452,0.38199237,-0.06978525
12.155,-3.8709784,0.06891806,-0.1907517,12.166,-0.1126802,0.22072394,-0.051459294
12.164,-3.9520707,-0.074959084,-0.40211368,12.176,-0.04365243,0.07167283,-0.0062552635
12.174,-3.5200834,-0.17642742,-0.6501813,12.186,0.046755627,-0.08776301,0.03955963
12.184,-2.8169494,-0.33100745,-0.7074597,12.196,0.15365705,-0.2496423,0.09698096
12.194,-1.9899664,-0.39167497,-0.78543496,12.206,0.30087557,-0.46649945,0.18555643
12.204,-1.0043411,-0.40046123,-0.80500066,12.217,0.40105748,-0.5281969,0.2209866
12.217,-0.17366982,-0.4547066,-0.29548693,12.226,0.48046994,-0.4762733,0.23747997
12.224,0.3925848,-0.4897621,0.5313935,12.237,0.51956534,-0.3058419,0.24175602
12.234,0.5750084,-0.5438944,1.2637879,12.246,0.52995,-0.08837387,0.21487795
12.244,0.70170593,-0.44963473,1.669733,12.256,0.53789127,0.14192232,0.18616728
12.255,0.80011463,-0.18668869,1.886826,12.266,0.4829134,0.3691642,0.16417614
12.265,0.50024986,0.012448274,0.74041915,12.276,0.35402083,0.53104347,0.1366872
12.274,0.5802946,0.39824238,-0.1862579,12.286,0.23429126,0.5774692,0.10736567
12.284,0.28613186,0.66676414,-0.8513638,12.296,0.12861158,0.5579215,0.0804876
12.294,-0.006491661,0.93551093,-1.2637165,12.306,0.048588224,0.50477624,0.06765943
12.305,-0.24032211,0.9624054,-1.4546243,12.321,0.028429668,0.4339159,0.061550777
12.314,-0.37368298,0.9698446,-1.2559844,12.326,0.059583794,0.38260323,0.050555203
12.324,-0.4941492,0.94273186,-1.1807969,12.336,0.10967475,0.3502274,0.054220397
12.334,-0.63523006,0.7994234,-1.1284552,12.346,0.12922244,0.34045354,0.067048565
12.344,-0.73106,0.8092741,-1.3660359,12.356,0.08462927,0.36122295,0.060329046
12.354,-0.7373514,1.1110076,-1.7337322,12.366,0.003995059,0.40520525,0.040170494
12.364,-0.7187948,1.4596362,-2.1375632,12.376,-0.07541743,0.44552237,-0.001368342
12.374,-0.4873953,1.8613269,-2.5215456,12.386,-0.13772568,0.47056785,-0.04412891
12.384,-0.4368801,2.1671321,-2.7928905,12.397,-0.17682105,0.4601831,-0.09605245
12.394,-0.32781982,2.3948507,-3.0921307,12.406,-0.2128621,0.41803342,-0.14919774
12.405,-0.42017365,2.399376,-3.4150352,12.416,-0.25317922,0.36977506,-0.17913014
12.415,-0.78343487,2.2018943,-3.6620011,12.427,-0.28250074,0.30196902,-0.19928868
12.425,-1.1769056,1.8145348,-3.7309976,12.437,-0.28983113,0.21828048,-0.2060082
12.435,-1.684371,1.2207048,-3.622167,12.446,-0.27761382,0.12665069,-0.1815736
12.445,-2.2675319,0.5085551,-3.4457567,12.457,-0.24462709,0.04601648,-0.15408465
12.454,-2.6438484,-0.14528292,-3.260662,12.467,-0.18964922,-0.043169845,-0.12659572
12.464,-2.7976599,-0.6733973,-3.1699135,12.476,-0.07908261,-0.20993607,-0.09788506
12.474,-2.6354985,-0.9404729,-3.072938,12.486,0.115172535,-0.4921558,-0.14003475
12.484,-1.7814455,-1.1153978,-2.8490703,12.497,0.41510737,-1.1091297,-0.22372329
12.494,-0.32006168,-1.4428301,-2.8753872,12.506,0.50490457,-1.5458983,-0.30496836
12.504,1.276865,-2.0477834,-2.9715724,12.517,0.47741562,-1.8226203,-0.36788747
12.514,3.2031803,-2.716978,-2.676987,12.528,0.3674599,-1.8635483,-0.36849836
12.527,4.8735228,-3.27671,-1.5111767,12.536,0.25628242,-1.6546323,-0.29824883
12.534,5.7838936,-3.6263509,0.7924317,12.546,0.2159653,-1.2062573,-0.20173214
12.544,4.9571915,-2.793734,7.4731245,12.556,0.29232347,-0.5489663,-0.13698043
12.554,4.567547,-2.225802,8.599556,12.566,0.24528684,0.1107682,-0.04290718
12.564,3.7454433,-2.2265503,8.168532,12.576,0.25933674,0.7204117,0.049333476
12.574,3.191598,-1.6263448,6.700363,12.587,0.39983574,0.92505157,0.12569162
12.585,2.8390436,-1.1943188,4.805633,12.596,0.6130277,0.8694628,0.18555643
12.595,2.226016,-1.0007088,3.466467,12.606,0.78101563,0.6440535,0.2582494
12.604,1.5724611,-0.9616821,3.0898957,12.616,0.98199034,0.44002458,0.32422283
12.614,1.6532574,-0.86742175,3.0711489,12.629,1.1279871,0.2903626,0.3883637
12.628,1.7182236,-0.89201695,2.6207,12.636,1.0950004,0.17429818,0.4060788
12.634,1.6781197,-0.8833152,2.261973,12.646,0.9593883,0.19018067,0.38042244
12.644,1.6247282,-0.5949509,2.1426818,12.657,0.7993416,0.25004548,0.32544458
12.654,1.2798681,-0.25965983,2.1678112,12.667,0.64418185,0.32273844,0.2637472
12.665,0.7128153,0.10729484,2.0280454,12.677,0.4816917,0.39970747,0.196552
12.675,0.09711075,0.5481138,1.656818,12.687,0.31492546,0.4394137,0.12752423
12.684,-0.35421848,1.0493997,0.91607213,12.697,0.1438832,0.429029,0.049944337
12.695,-0.7311325,1.4675335,0.14287469,12.707,-0.038154643,0.3709968,-0.03252247
12.705,-1.0314941,1.8104254,-0.70013213,12.716,-0.22324681,0.27203664,-0.12659572
12.715,-0.9574795,1.9976535,-1.4530659,12.732,-0.36985448,0.17674164,-0.20051041
12.724,-1.1677103,2.0732949,-1.5164281,12.736,-0.43888223,0.0649533,-0.23838405
12.734,-1.3018265,2.011742,-1.3232617,12.746,-0.51096433,-0.063939266,-0.2603752
12.744,-1.3059788,2.0996807,-1.534183,12.756,-0.53723156,-0.1250258,-0.24021666
12.754,-1.4948521,1.8603724,-0.5095207,12.766,-0.48408628,-0.20321654,-0.21211685
12.764,-1.3544569,1.5264438,0.107982814,12.776,-0.36802188,-0.2111578,-0.14369994
12.774,-1.3755836,1.007605,0.8757787,12.787,-0.30449188,-0.12380406,-0.10338284
12.785,-1.4060116,0.40626436,1.4906161,12.797,-0.24768142,-0.008961391,-0.057567943
12.795,-1.3366585,-0.100264505,1.7403414,12.807,-0.19148181,0.09244223,-0.007476995
12.805,-1.4907627,-0.8874691,1.716659,12.817,-0.1267301,0.18346116,0.032229245
12.815,-1.2854233,-1.5477234,1.4521925,12.827,-0.052815408,0.2604302,0.06093991
12.825,-1.1300058,-2.0580633,1.2875959,12.837,0.0064385207,0.35450345,0.0804876
12.834,-0.8365736,-2.562472,0.5579542,12.847,0.024764478,0.4326942,0.09514837
12.844,-0.79407215,-2.6178021,-0.04716918,12.857,9.407331E-4,0.4797308,0.10614394
12.855,-1.0611086,-2.5820596,-0.5531828,12.866,-0.036322046,0.46568093,0.12385903
12.865,-1.2140388,-2.272347,-0.9971973,12.877,-0.08152607,0.4149791,0.12752423
12.874,-1.0999889,-1.6183991,-1.3855934,12.887,-0.105349824,0.37160766,0.11225259
12.884,-0.80787086,-0.9432056,-1.6598487,12.896,-0.16765808,0.2537107,0.065215975
12.894,-0.83815575,-0.7047329,-1.8078754,12.907,-0.16032769,0.19445673,0.031007517
12.904,-0.81787205,-0.44302636,-1.6171167,12.917,-0.083358675,0.11565511,-0.001368342
12.914,-0.87480164,-0.3817948,-1.6571851,12.926,-0.021050416,0.11993118,0.018790212
12.924,-1.1239443,-0.6215639,-1.5392215,12.938,0.01804496,0.07717061,0.05727472
12.938,-1.150671,-0.8211343,-2.32901,12.946,0.04492303,-0.005907066,0.10247874
12.944,-1.328681,-0.84273446,-2.675238,12.956,0.071801096,-0.12808011,0.13607633
12.955,-1.5681868,-0.71934795,-2.55132,12.967,0.1280007,-0.22826202,0.15684575
12.965,-1.5878181,-0.5601689,-1.9801258,12.976,0.20435886,-0.29545718,0.14340672
12.975,-1.409956,-0.39123306,-1.3640497,12.987,0.30881682,-0.323557,0.12508076
12.985,-1.3036785,-0.45989338,-0.63058984,12.997,0.421216,-0.30645275,0.091483176
12.995,-0.885726,-0.51874214,-0.17483692,13.007,0.5085698,-0.2337598,0.041392226
13.005,-0.29147053,-0.54952747,-0.1688707,13.017,0.57026714,-0.12013887,0.0029077148
13.015,0.10910988,-0.81913376,-0.44128072,13.026,0.6001995,0.036853503,-0.026413817
13.025,0.32800293,-1.07704,-1.096846,13.041,0.58737135,0.18346116,-0.05512448
13.04,0.27067566,-1.3168285,-2.1099756,13.046,0.5501086,0.23477383,-0.07161784
13.044,-0.08571243,-1.4873037,-3.1817367,13.056,0.4548136,0.08022493,-0.03130074
13.054,-0.62889767,-1.5397913,-4.230996,13.066,0.37173593,-0.19649702,0.01634675
13.064,-0.9460316,-1.3785785,-5.177794,13.076,0.29049087,-0.5471337,0.06765943
13.074,-0.7280998,-1.0069222,-5.7606525,13.086,0.20496973,-0.9454178,0.13118942
13.084,-0.09284496,-0.26197016,-5.8135157,13.096,0.17931339,-1.3333173,0.1751717
13.094,0.9766922,0.6511889,-4.9853845,13.106,0.2196305,-1.6900625,0.19105421
13.104,2.1012173,1.7628686,-3.147312,13.116,0.27094316,-1.8983676,0.16356526
13.114,4.0748816,3.5781202,1.5848861,13.126,0.28743654,-1.8171226,0.10553308
13.124,4.417692,3.590046,4.3350244,13.137,0.24650857,-1.429834,0.03955963
13.134,4.2429686,3.0513868,6.1754403,13.146,0.112118214,-0.86295104,-7.574763E-4
13.144,3.0727272,2.3662832,6.8360934,13.157,-0.09435424,-0.28385076,0.005962041
13.154,1.7888451,2.0554583,6.6534724,13.166,-0.3008267,0.20911749,0.0383379
13.165,1.0425348,2.339752,5.7498236,13.176,-0.38573697,0.54753685,0.05605299
13.175,0.6024151,3.2314262,3.5684147,13.186,-0.62214184,0.70452917,0.07010289
13.185,0.8137684,4.3069177,1.3801785,13.196,-0.74798006,0.72835296,0.043835685
13.195,1.5761805,4.92295,0.17147303,13.206,-0.8035688,0.3129646,-0.038631123
13.205,2.3762512,4.8645363,-1.7850335,13.216,-0.85365975,-0.09264993,-0.11315669
13.214,2.5054054,4.0343,-2.7065797,13.226,-0.8683205,-0.50559485,-0.18462792
13.224,2.4417171,2.7643337,-2.1041648,13.236,-0.79562753,-0.82874256,-0.23899491
13.235,2.2076807,1.2380177,-0.22400808,13.247,-0.69422394,-1.0113913,-0.25243396
13.247,2.1188412,-0.25397447,1.6690252,13.256,-0.5891551,-1.0144455,-0.21211685
13.255,2.1981373,-1.5831474,3.514398,13.266,-0.4975253,-0.8122492,-0.12965004
13.265,2.3609247,-2.5181923,5.1084023,13.276,-0.41628024,-0.45244956,-0.01725084
13.274,2.2924185,-2.9875736,6.1817846,13.287,-0.35641542,-0.03156341,0.092094034
13.285,1.8963194,-2.8888047,6.411539,13.296,-0.28433332,0.3373992,0.15806748
13.295,1.2060843,-2.2028003,5.8671503,13.306,-0.2427945,0.59823865,0.21793228
13.305,0.5047369,-1.9572821,4.4781322,13.316,-0.18170798,0.7747787,0.23381478
13.315,-0.25349236,-1.157539,3.5235295,13.327,-0.12917356,0.80715454,0.21304536
13.324,-0.9402342,-0.282761,2.16994,13.337,-0.11573453,0.7662266,0.1489045
13.335,-1.4358139,0.49594373,1.1403754,13.349,-0.066254444,0.63550144,0.041392226
13.349,-2.035972,0.97452897,0.76479375,13.356,-0.053426273,0.5218805,-0.022748627
13.354,-2.5243459,1.1750886,0.09170155,13.366,-0.049150217,0.43635938,-0.05207016
13.364,-3.0655084,1.0859078,-0.026216388,13.376,-0.026548203,0.36427727,-0.060011405
13.374,-3.3067179,0.7865815,0.032516953,13.386,9.407331E-4,0.30013645,-0.045961503
13.385,-3.3320346,0.43985537,0.09791151,13.396,0.022321017,0.22744344,-0.012363916
13.395,-3.1081061,0.0072916225,-0.17915362,13.406,0.030873131,0.17185472,0.02917492
13.405,-2.2867079,0.0266843,-0.23537587,13.417,0.03637092,0.15047443,0.07254635
13.414,-1.7836905,0.041159697,-0.12083762,13.426,0.043090437,0.14803097,0.112863466
13.425,-1.2075977,0.08887714,0.014092237,13.437,0.07119024,0.15841568,0.15867835
13.435,-0.6529741,0.16805881,0.3435323,13.456,0.1316659,0.17368731,0.1892216
13.444,-0.27899265,0.19053602,0.5914613,13.457,0.19091983,0.22072394,0.21243449
13.457,0.31178188,0.31601506,0.4192349,13.467,0.2300152,0.2799779,0.21671055
13.464,0.7626858,0.35033935,0.050268278,13.476,0.26300192,0.3147972,0.20266065
13.474,1.0701609,0.28337973,-0.41081777,13.486,0.30270818,0.33129057,0.15562402
13.484,1.0461893,0.06300299,-0.80226624,13.496,0.3075951,0.35083824,0.13057855
13.494,0.76728725,-0.17626199,-1.1765128,13.506,0.27338663,0.37344027,0.11103086
13.504,0.46448803,-0.23132454,-1.759743,13.516,0.18236771,0.4131465,0.08293106
13.514,0.4297619,0.05719869,-2.5094059,13.526,0.07485543,0.45102015,0.06093991
13.524,0.08719444,0.34576663,-2.908457,13.537,-0.022272145,0.48645034,0.058496453
13.534,-0.36819553,0.66884357,-2.991263,13.546,-0.123064905,0.505998,0.022455402
13.544,-0.3534174,1.2935716,-3.266143,13.556,-0.2110295,0.4766765,-0.010531321
13.555,-0.63587093,1.7732571,-3.4588199,13.566,-0.29593977,0.43147245,-0.042296313
13.564,-0.8517771,2.2677243,-3.4942908,13.576,-0.38207176,0.37038594,-0.07833736
13.574,-0.99160004,2.7691047,-3.5372934,13.587,-0.45415387,0.2903626,-0.13331524
13.584,-0.87805367,3.1963918,-3.3705766,13.596,-0.51279694,0.21033923,-0.20539734
13.595,-0.68460083,3.3567965,-3.1803713,13.607,-0.54883796,0.12909415,-0.27564684
13.605,-0.58095837,3.1115792,-2.9630783,13.616,-0.5628879,0.07350542,-0.32695952
13.615,-0.6566067,2.4336975,-2.551259,13.626,-0.5604444,0.07472715,-0.3306247
13.625,-0.90648365,1.2972099,-2.255708,13.636,-0.5384533,0.11382252,-0.2848098
13.635,-1.214385,0.07298078,-2.0138235,13.646,-0.4785885,0.1633026,-0.21028426
13.644,-1.6798859,-1.0177072,-1.7109956,13.658,-0.41872367,0.17429818,-0.14308909
13.658,-1.8711848,-1.7194349,-1.8390749,13.666,-0.3411438,0.072283685,-0.08444601
13.664,-1.8364086,-1.8519311,-2.4518743,13.677,-0.21958162,-0.14640607,-0.07589391
13.674,-1.4104471,-1.7159297,-2.7943215,13.686,-0.096797705,-0.43168014,-0.10277197
13.685,0.2772894,-1.7580241,-3.0811436,13.696,-0.014941763,-0.7487192,-0.15469553
13.695,1.1503954,-2.0405927,-2.4256098,13.706,0.035149187,-1.0132239,-0.21761464
13.705,2.2510815,-2.3865235,-1.305605,13.716,0.045533895,-1.1335644,-0.288475
13.715,3.3967857,-2.654946,-0.19366848,13.726,0.019266691,-1.098745,-0.33673334
13.724,4.228244,-2.894622,1.0815684,13.736,-0.02043955,-0.93625486,-0.35322672
13.735,4.5444975,-2.9068952,2.648153,13.746,-0.015552629,-0.731615,-0.35933536
13.745,4.2039413,-2.410738,4.363554,13.761,0.048588224,-0.5288077,-0.3465072
13.761,3.4556522,-2.535119,5.2846236,13.767,0.06263812,-0.037061192,-0.27137077
13.764,2.5182295,-2.2072892,6.6090717,13.777,0.14877012,0.30563423,-0.16508023
13.775,1.7091665,-2.241247,6.587608,13.786,0.30881682,0.5408173,-0.050237563
13.784,1.2446213,-2.051491,5.996275,13.797,0.548276,0.67337507,0.08659625
13.794,0.7589121,-1.723582,5.397807,13.806,0.76330054,0.6483296,0.20388238
13.804,0.6976919,-1.2233468,3.4695303,13.816,0.9068539,0.5896865,0.30345342
13.814,0.68374825,-0.79479074,2.3387296,13.826,0.992375,0.4583505,0.36759427
13.825,0.69913864,-0.50445616,1.1998166,13.836,0.9435058,0.25615415,0.38775283
13.835,0.7017126,-0.19105098,-0.09410276,13.846,0.7736853,0.054568592,0.3724812
13.844,0.6669922,0.12672259,-0.68398356,13.856,0.55988246,-0.085930414,0.3211685
13.854,0.7308569,0.3978323,-0.29702306,13.867,0.34730133,-0.12258233,0.2228192
13.864,0.9492235,0.63422763,0.5436194,13.876,0.15121359,-0.057219747,0.09270491
13.874,1.4452162,0.93097824,1.2391373,13.886,-0.03204599,0.036242638,-0.06062227
13.885,1.9589539,1.1116922,1.3086942,13.896,-0.16643634,0.13153762,-0.20295388
13.894,2.2126722,1.1783683,1.3169799,13.906,-0.25928786,0.21033923,-0.34406373
13.904,1.9934092,1.2584134,1.2746494,13.916,-0.32953736,0.3288471,-0.3501724
13.914,1.2271223,1.0674562,1.3382396,13.926,-0.33808947,0.406427,-0.2939728
13.924,0.31645012,0.7442302,1.3458786,13.936,-0.34847417,0.47240046,-0.20722993
13.934,-0.40572834,0.4473919,1.1082126,13.946,-0.31243312,0.51393926,-0.1039937
13.944,-1.1596317,0.10626082,1.3427274,13.956,-0.281279,0.54692596,-0.00930959
13.954,-1.7082815,-0.113520876,1.1447452,13.966,-0.23729672,0.5524238,0.04566828
13.964,-2.230073,-0.19010143,0.86897534,13.976,-0.17498845,0.5408173,0.07926587
13.974,-2.3863583,-0.22214696,0.58001703,13.987,-0.11939973,0.49316987,0.0804876
13.984,-2.3808093,-0.17618981,0.10455221,13.996,-0.086412996,0.4241421,0.061550777
13.995,-2.3681426,-0.14300942,-0.27359426,14.006,-0.06442185,0.3373992,0.036505304
14.004,-2.4156332,-0.17971827,-0.44619012,14.016,-0.04853935,0.26287365,-0.0019792076
14.015,-2.4612079,-0.31322598,-0.35511166,14.026,-0.010054842,0.19201326,-0.019694299
14.025,-2.397088,-0.65469027,-0.18202776,14.036,0.03759265,0.13031588,-0.023359492
14.034,-2.024569,-0.9946522,-0.28194183,14.046,0.059583794,0.09916176,-0.013585646
14.045,-1.5794735,-1.4084293,-0.54285073,14.056,0.07668802,0.1052704,0.013292424
14.054,-1.1155033,-1.743399,-0.61649346,14.069,0.08646187,0.118709445,0.0071837716
14.068,-0.38466263,-1.8262489,-0.9494781,14.076,0.093792245,0.1407006,-0.0062552635
14.074,0.15812969,-1.8517561,-1.2565742,14.087,0.08157495,0.17368731,-0.019694299
14.084,0.57985115,-1.7874337,-1.7991011,14.096,0.05408601,0.17551991,-0.027024683
14.094,0.6805086,-1.6382713,-2.4215345,14.106,0.04003611,0.121763766,-0.025192086
14.104,0.3222332,-1.3493505,-2.6794636,14.116,0.058362067,0.047238212,-0.0099204555
14.115,-0.33954716,-1.0072057,-2.4398284,14.126,0.10112263,-0.026676485,0.022455402
14.124,-0.9552412,-0.7119009,-2.117792,14.136,0.15487878,-0.08348695,0.07010289
14.135,-1.4468298,-0.5375161,-1.7616438,14.146,0.2123001,-0.119527996,0.113474324
14.145,-1.677556,-0.37389266,-1.4961271,14.156,0.28743654,-0.12930185,0.16051094
14.154,-1.790801,-0.28852206,-1.1103777,14.172,0.38212064,-0.1250258,0.20571497
14.164,-1.7455378,-0.30831656,-0.83132863,14.176,0.4865786,-0.09692599,0.23992343
14.174,-1.6255026,-0.3968161,-0.6149042,14.186,0.5794301,-0.048056766,0.27107757
14.184,-1.4857702,-0.6174258,-0.7716589,14.196,0.67900115,-0.0071287975,0.28696007
14.195,-1.1288404,-0.8048899,-1.2479455,14.206,0.7193183,-0.04255898,0.2668015
14.205,-0.67581844,-0.93118083,-1.8534166,14.216,0.7382551,-0.10120204,0.21426709
14.214,-0.14879894,-0.9275974,-2.4475346,14.226,0.72054,-0.15373646,0.13729806
14.224,0.285635,-0.8782635,-2.9303508,14.236,0.6728925,-0.22520769,0.068270296
14.235,0.4610548,-0.7994568,-3.3283122,14.246,0.6001995,-0.32111353,0.023677133
14.244,0.34879494,-0.72962713,-3.900517,14.256,0.50001764,-0.42984754,0.023677133
14.255,-0.24959278,-0.5123019,-3.992747,14.266,0.38761842,-0.5575184,0.03955963
14.264,-0.040733337,-0.1251207,-3.735199,14.276,0.28010616,-0.6912979,0.057885587
14.275,0.39512062,0.5380448,-3.35486,14.286,0.1860329,-0.8440142,0.07743327
14.284,1.0510693,1.4104412,-2.785869,14.297,0.12861158,-1.0065043,0.113474324
14.294,1.9860268,2.3286827,-1.7880162,14.306,0.14510493,-1.1744922,0.15501316
14.305,2.9704323,3.1748729,-0.30722237,14.317,0.22024135,-1.2685655,0.19960631
14.315,3.7781906,3.8030555,1.2878233,14.327,0.2684997,-1.2196963,0.21976487
14.325,4.2917547,4.107569,2.7055197,14.336,0.21046752,-0.80736226,0.18189123
14.334,4.169569,3.6872337,4.107543,14.346,0.113950804,-0.3968608,0.1385198
14.344,3.1376638,2.6169524,5.151497,14.356,0.003995059,-0.05416542,0.1085874
14.354,1.5616741,1.5838194,5.264652,14.366,-0.21225123,0.2689823,0.09575923
14.364,0.26013756,0.9576324,4.486751,14.378,-0.34419814,0.4785091,0.0823202
14.375,-0.27641392,0.8028218,3.5540967,14.386,-0.48775145,0.52798915,0.062161643
14.384,-0.2664919,1.3098551,1.5070587,14.396,-0.65635026,0.41070303,0.026120594
14.394,0.28896332,2.2255826,-0.5333979,14.406,-0.7999036,0.14253318,-0.028246414
14.404,1.0734262,3.1430595,-1.7608868,14.416,-0.91169196,-0.20016222,-0.11498928
14.414,2.0823698,3.6785223,-2.294525,14.426,-0.9538416,-0.54407936,-0.21272773
14.424,2.8596811,3.5778236,-1.691064,14.437,-0.9110811,-0.81163836,-0.30741182
14.434,3.310873,2.8103814,0.018967748,14.446,-0.7919623,-0.9069333,-0.3849917
14.445,3.387908,1.5728993,2.351606,14.456,-0.64230037,-0.7835385,-0.4167567
14.454,3.0862827,0.11697306,4.443338,14.466,-0.49813616,-0.48116022,-0.37094182
14.464,2.3959236,-1.2702458,5.795388,14.479,-0.32281783,0.08755532,-0.16996716
14.479,1.5784817,-2.4606137,6.1496277,14.487,-0.23546411,0.39482054,0.0071837716
14.484,0.7518511,-3.2974904,5.617515,14.496,-0.17437759,0.57869095,0.16539787
14.494,0.18328571,-3.449868,4.5328217,14.507,-0.12489751,0.64894044,0.2686341
14.504,-0.19010353,-2.9692996,3.2860022,14.517,-0.07236309,0.65321654,0.29795563
14.515,-0.43650246,-2.0719354,2.3432508,14.526,-0.03998724,0.6220624,0.2936796
14.525,-0.7877407,-1.3431311,1.5337639,14.536,-0.03998724,0.56464106,0.2387017
14.535,-1.2511053,-3.8987398E-4,0.70974696,14.547,-0.0015027279,0.49927852,0.164787
14.545,-1.4882431,0.43051735,0.29698914,14.557,-0.005167919,0.42780727,0.07804414
14.555,-1.8420124,0.7773808,0.20203415,14.566,-0.010665706,0.35694692,-0.0019792076
14.565,-2.2087173,1.0152582,0.12570025,14.583,-0.014330898,0.29952556,-0.06428747
14.575,-2.4928436,1.0828931,0.032145783,14.586,-0.010665706,0.23843904,-0.09971765
14.584,-2.6513681,1.0466431,-0.012367889,14.596,0.0015515983,0.16818953,-0.10643716
14.594,-2.6148992,0.9722133,-0.1686182,14.606,3.2986794E-4,0.1052704,-0.085667744
14.604,-2.4121952,0.87012136,-0.25216976,14.616,-0.004557054,0.033799175,-0.02458122
14.615,-1.9426675,0.8293115,-0.11280745,14.626,9.407331E-4,0.02707966,-1.4661066E-4
14.624,-1.2278757,0.8096096,-0.015799046,14.636,0.0046059247,0.05640119,0.020622807
14.634,-0.5346346,0.6999355,0.06210661,14.647,-0.0063896496,0.10343781,0.040170494
14.644,0.13116837,0.52806175,-0.006892085,14.656,-0.025326472,0.18468289,0.067048565
14.654,0.50982857,0.33626962,-0.13234746,14.666,-0.019217819,0.25798672,0.07498981
14.664,0.9103298,0.19226971,-0.11158989,14.677,0.0070493855,0.3447296,0.08537452
14.675,0.88497925,-0.006216973,-0.057077974,14.686,0.024764478,0.42047688,0.08537452
14.684,0.7929983,-0.10967794,-0.31570378,14.696,0.0577512,0.46507004,0.08109847
14.694,0.48836803,-0.16844782,-0.4304168,14.706,0.08829446,0.50294363,0.06582683
14.704,0.0775404,-0.123497784,-0.75464934,14.716,0.10967475,0.5286,0.056663856
14.714,-0.34257984,-0.094615385,-1.2399796,14.727,0.11883773,0.54203904,0.04322482
14.725,-0.63687134,-0.10032822,-1.8079507,14.736,0.090737924,0.560365,0.034672707
14.735,-0.9025669,-0.012998298,-2.4450655,14.746,0.04003611,0.57991266,0.020622807
14.744,-1.1112957,0.35021806,-3.0655339,14.756,-0.040598102,0.56219757,-0.03740939
14.755,-1.0058556,0.8496859,-3.688838,14.766,-0.13467135,0.4271964,-0.07467218
14.764,-1.1430006,1.3678929,-4.055607,14.776,-0.1847623,0.28425393,-0.12965004
14.774,-1.0817156,1.9714777,-4.2078624,14.787,-0.24401623,0.12542896,-0.17485407
14.786,-0.7991018,2.4267821,-4.3584514,14.796,-0.30693534,-0.01690264,-0.20234302
14.794,-0.85029984,2.6858308,-4.124743,14.806,-0.3869587,-0.09875858,-0.2304428
14.804,-0.57986164,2.97672,-3.671427,14.816,-0.45965165,-0.10914329,-0.25732088
14.814,-0.29697227,3.1526299,-2.5620735,14.827,-0.5054666,-0.06882618,-0.28603154
14.824,0.049176216,2.7882736,-1.9652351,14.837,-0.5115752,0.0032559112,-0.31413135
14.835,-0.011721611,2.1579492,-1.5631706,14.847,-0.4767559,0.097329155,-0.3324573
14.845,-0.41510296,1.3388412,-1.2817945,14.857,-0.4010086,0.17613077,-0.33367902
14.855,-0.915802,0.46958765,-1.3742198,14.867,-0.31609833,0.22622173,-0.33856595
14.864,-1.1634579,-0.22519846,-1.9402345,14.877,-0.22630113,0.15780482,-0.3465072
14.875,-1.5449982,-0.82542264,-2.3110454,14.89,-0.08458041,-0.043169845,-0.3483398
14.889,-1.2706985,-1.3017715,-2.4425404,14.897,0.0999009,-0.34921333,-0.3764396
14.894,-0.7777529,-1.8852415,-2.35132,14.907,0.34180355,-0.88249874,-0.3953764
14.904,-0.20121098,-2.593472,-2.0457108,14.916,0.4462615,-1.1879313,-0.3868243
14.915,0.750515,-3.3271258,-1.2441578,14.927,0.5116241,-1.3180456,-0.36849836
14.924,1.7730932,-4.1791654,-0.028159931,14.936,0.5122349,-1.2569591,-0.30924442
14.934,2.6535683,-5.298998,0.988212,14.946,0.49085465,-1.0840843,-0.21089512
14.945,3.2303343,-6.0439773,2.1335545,14.956,0.45114842,-0.86234015,-0.08139169
14.954,3.1573496,-6.007885,3.224638,14.966,0.45786795,-0.55935097,0.032229245
14.965,2.7723227,-4.727395,5.046909,14.976,0.26788884,-0.32966563,0.09270491
14.975,2.6913834,-3.8803482,3.7507915,14.991,0.17320473,0.069229364,0.12935682
14.984,2.3906994,-2.694715,5.0866947,14.997,0.23123693,0.36610988,0.11897211
14.995,2.701563,-1.5768957,4.965459,15.007,0.41755083,0.4595723,0.09575923
15.004,2.569646,-0.8245435,4.241284,15.017,0.6747251,0.3795489,0.0945375
15.015,2.3797789,-0.23862697,3.2869291,15.027,0.9007453,0.22072394,0.11408518
15.025,2.3135605,0.22616671,2.279636,15.036,1.0400225,0.038075235,0.11897211
15.035,2.472682,0.7436355,1.4844606,15.046,1.0235292,-0.14274088,0.10736567
15.045,2.5982294,1.0751421,1.0237106,15.056,0.9031887,-0.17267329,0.08109847
15.054,2.6611214,1.100247,1.0075287,15.067,0.7608571,-0.075545706,0.03406184
15.064,2.8738632,1.270271,1.7400982,15.076,0.6295211,0.110157326,0.0016859844
15.074,2.8038244,1.1873014,2.677369,15.087,0.50001764,0.32945797,-0.006866129
15.085,2.545498,0.81831485,3.0516148,15.097,0.3741794,0.537763,-0.00930959
15.095,2.0524673,0.33724374,3.0558105,15.106,0.26544538,0.71735734,-0.00808786
15.104,0.433383,-0.18322863,1.7952584,15.116,0.15365705,0.8383087,0.0016859844
15.115,-0.37917995,-0.156141,1.1768833,15.126,0.062027257,0.8786258,0.010238098
15.124,-1.2648859,-0.057271168,0.20719431,15.136,-0.052815408,0.8590781,0.023677133
15.134,-2.1232667,-4.7901552E-4,-0.35708094,15.146,-0.15971683,0.8010459,0.0383379
15.144,-2.8468637,0.23004648,-0.62116206,15.156,-0.22569028,0.6935336,0.046279147
15.155,-3.299542,0.6272113,-1.2171633,15.166,-0.31426573,0.5640302,0.046890013
15.165,-3.5295587,0.95311,-1.1888626,15.176,-0.34541985,0.41070303,0.046279147
15.175,-3.5277185,1.165292,-1.2682166,15.186,-0.35275024,0.14680924,0.037727036
15.185,-3.3591032,1.2644811,-1.3347335,15.198,-0.34786332,0.011808027,0.022455402
15.198,-2.9120588,1.4058733,-1.0056103,15.206,-0.31365487,-0.066993594,-0.008698724
15.204,-2.3868656,1.465815,-0.41871178,15.216,-0.26478565,-0.09936945,-0.036798526
15.214,-1.8129573,1.2588997,0.058228314,15.226,-0.20858604,-0.09203906,-0.06795265
15.224,-1.2486315,0.9371792,0.44848198,15.236,-0.14078,-0.036450326,-0.09605245
15.234,-0.9246607,0.44490564,0.87461954,15.247,-0.066254444,0.046627346,-0.12537399
15.244,-0.4900961,-0.24498394,1.0468664,15.257,0.0033841943,0.15169616,-0.15408465
15.254,-0.14598846,-1.1001585,0.94849324,15.267,0.0577512,0.25920847,-0.14675428
15.265,-0.075387955,-2.037852,0.5255033,15.276,0.082185805,0.311132,-0.11132409
15.275,0.15149212,-2.71022,-0.3385048,15.287,0.07485543,0.3129646,-0.085056886
15.285,0.54970455,-2.7767153,-1.2875252,15.301,0.067525044,0.28791913,-0.058789674
15.3,0.5322008,-2.6440318,-1.63947,15.306,0.06630331,0.27020404,-0.008698724
15.304,0.21962357,-2.5039933,-1.7978058,15.317,0.046755627,0.2726475,0.03284011
15.314,0.029808044,-2.1567824,-2.0322733,15.326,0.051031683,0.28608653,0.101867884
15.325,-0.60071373,-1.6482733,-1.912457,15.336,0.10478783,0.25248894,0.13607633
15.334,-0.5536556,-1.2372499,-1.837797,15.346,0.18358944,0.23233037,0.15440229
15.344,-0.8479471,-0.85059655,-1.516825,15.356,0.2862148,0.17246558,0.17089565
15.354,-1.1961365,-0.49433398,-1.3096535,15.366,0.3741794,0.08999877,0.16234355
15.364,-1.31359,-0.26173487,-1.3686283,15.376,0.44259632,0.031355713,0.16356526
15.374,-1.4399128,-0.19671236,-1.4022481,15.386,0.5042937,0.017305814,0.17578258
15.384,-1.2887812,-0.37240678,-1.3232303,15.403,0.5653802,0.016694948,0.18005863
15.394,-0.9640341,-0.51841915,-1.4381156,15.407,0.6191364,0.009364564,0.1788369
15.404,-0.762558,-0.65841657,-1.7119688,15.416,0.64540356,0.019138407,0.17639343
15.414,-0.54576206,-0.58419955,-2.5185127,15.426,0.6289102,0.030744847,0.15867835
15.424,-0.46552372,-0.45747435,-3.0366216,15.436,0.5818736,0.0075319707,0.13180028
15.434,-0.57816887,-0.3298419,-3.5348523,15.446,0.50307196,-0.06760445,0.10431135
15.445,-0.7067547,-0.13175008,-4.065175,15.456,0.38884017,-0.17694934,0.07193549
15.454,-0.76402664,-0.028333813,-4.4893427,15.466,0.23062608,-0.2759095,0.04078136
15.465,-0.607461,0.30723202,-4.887895,15.476,-0.021050416,-0.5269751,0.043835685
15.475,-0.40902996,0.8462597,-4.8574557,15.487,-0.14383432,-0.7242846,0.04872261
15.484,0.104475975,1.6630881,-4.34902,15.496,-0.21835989,-0.8892182,0.043835685
15.494,1.0045671,2.5877924,-3.4883885,15.507,-0.20553172,-1.0706452,0.041392226
15.506,1.8141346,3.2858071,-2.1282063,15.516,-0.09068905,-1.248407,0.05605299
15.515,2.351593,3.7971644,-0.2888941,15.526,0.04492303,-1.3394259,0.050555203
15.525,2.8864822,4.093743,1.4528134,15.536,0.117616,-1.2691764,0.03161838
15.534,3.076086,3.697993,2.939673,15.546,0.10112263,-1.057817,0.026120594
15.545,2.4951725,2.4485674,4.170993,15.556,0.032094862,-0.75849307,0.054220397
15.554,1.5861826,0.9594035,5.3056154,15.566,-0.041208968,-0.41152158,0.08354193
15.564,0.8047533,-0.22207184,6.3411207,15.576,-0.27700296,-0.0633284,0.10919827
15.574,0.2834177,-0.633729,4.791709,15.586,-0.46514943,0.2989147,0.14157413
15.584,0.42350483,-0.33882394,4.007694,15.596,-0.6539068,0.5023328,0.13424374
15.595,1.1037846,0.74871004,1.8523891,15.609,-0.80234706,0.51088494,0.08354193
15.609,1.5013323,1.9205656,-0.029199839,15.617,-0.96117204,0.18346116,0.010848963
15.615,1.8426056,2.6449609,-1.5209663,15.626,-1.0075978,-0.21665558,-0.083835155
15.624,2.0357618,3.1975372,-2.2573037,15.636,-1.0008783,-0.5996681,-0.19501263
15.635,2.1595383,3.2887373,-2.0119238,15.646,-0.915968,-0.86417276,-0.2970271
15.644,2.1683512,2.7370331,-0.27599603,15.656,-0.78157765,-0.958246,-0.3379551
15.654,2.127658,1.547107,1.922648,15.666,-0.6325265,-0.8556206,-0.3043575
15.664,1.9378242,-1.3891244,5.4266243,15.676,-0.49019492,-0.5856182,-0.18340619
15.674,2.1116915,-2.6338954,6.163293,15.686,-0.35824803,-0.20993607,0.0077946363
15.684,2.3926601,-3.4345155,6.07482,15.696,-0.22935545,0.12909415,0.19960631
15.694,2.4449158,-3.1991615,4.79518,15.709,-0.15605164,0.3373992,0.34010535
15.708,2.3688927,-2.5502062,3.7363057,15.717,-0.118177995,0.4778982,0.38592023
15.714,1.5571156,-1.9720056,3.0896208,15.727,-0.09129992,0.6226733,0.37797898
15.725,0.54704285,-1.4995548,2.521435,15.737,-0.047928486,0.72102255,0.33521843
15.735,-0.4358406,-0.9419237,1.9540894,15.747,-0.040598102,0.7362942,0.28512746
15.744,-1.2270412,-0.45937604,1.183205,15.757,-0.034489453,0.6959771,0.16051094
15.755,-2.037078,0.27619156,0.75038,15.767,-0.03693291,0.6037364,0.08354193
15.765,-2.5442,0.7962483,0.21940906,15.777,-0.059534926,0.47240046,0.008405502
15.775,-2.9511428,1.1540146,-0.16840369,15.787,-0.057091463,0.36305556,-0.039852854
15.784,-3.210516,1.3068011,-0.07578035,15.797,-0.04487416,0.28608653,-0.05940054
15.794,-3.284265,1.2955633,-0.037941307,15.807,-0.011276572,0.22377826,-0.054513615
15.805,-3.1808224,1.0987492,0.13483691,15.817,0.06019466,0.16757865,-0.030079007
15.815,-2.8714647,0.86285573,0.29824468,15.826,0.14510493,0.11993118,0.018790212
15.825,-2.544187,0.5420134,0.4760446,15.836,0.22207396,0.085722715,0.05910732
15.834,-1.7955494,0.40090457,0.38943014,15.846,0.2794953,0.061898973,0.093315765
15.845,-1.0158367,0.21553689,0.26084176,15.856,0.3246993,0.0649533,0.12385903
15.855,-0.4875555,-0.0036623254,0.2555676,15.867,0.37906632,0.10954647,0.16784133
15.864,-0.36504364,-0.28451368,0.45523617,15.876,0.3845641,0.20789577,0.18738902
15.875,0.29154587,-0.22385933,0.010234386,15.886,0.38150978,0.29097345,0.17150652
15.884,0.8263664,-0.07480915,-0.339841,15.896,0.43465507,0.34839478,0.13302201
15.894,1.0346985,-0.061070263,-0.5056576,15.906,0.462144,0.37466198,0.11408518
15.904,0.99188614,-0.08960283,-1.0846295,15.917,0.45420274,0.4009292,0.09759183
15.916,0.6990051,-0.15025574,-1.5421658,15.926,0.41022044,0.41558996,0.06888116
15.925,0.41213226,-0.07388094,-2.1321466,15.936,0.3393601,0.41558996,0.0383379
15.934,0.15616894,0.1644681,-2.6675293,15.946,0.2794953,0.40703785,0.011459828
15.944,-0.24630451,0.39775196,-2.9040937,15.957,0.2336804,0.39176622,-0.0099204555
15.954,-0.9917908,0.98232967,-2.9525697,15.966,0.15060273,0.37771633,-0.012363916
15.964,-1.3007975,1.3615125,-3.0668285,15.977,0.04003611,0.3691642,-0.0062552635
15.974,-1.3911314,1.8368645,-3.229563,15.987,-0.10473895,0.36122295,-0.008698724
15.985,-1.1920986,2.423699,-3.5348237,15.997,-0.2641748,0.33312315,-0.026413817
15.995,-1.0926886,3.0842135,-3.5955088,16.006,-0.42177802,0.3147972,-0.0477941
16.005,-0.87260056,3.618995,-3.4743526,16.019,-0.5451728,0.30441248,-0.08750035
16.019,-0.76739216,3.712689,-3.1109962,16.027,-0.5995398,0.30013645,-0.1461434
16.025,-0.7014189,3.3560288,-2.7330577,16.036,-0.5433402,0.24271508,-0.21883637
16.035,-0.8074169,2.7016633,-2.5891457,16.046,-0.453543,0.17002212,-0.2744251
16.045,-0.69883347,1.8871586,-2.738243,16.057,-0.33381343,0.02707966,-0.3287921
16.055,-0.872488,0.85261554,-2.8762631,16.067,-0.18903835,-0.20810346,-0.3446746
16.065,-1.0460033,-0.1017752,-2.8491826,16.077,-0.054648004,-0.47138637,-0.38010478
16.074,-0.5563173,-0.98409027,-2.6855881,16.086,0.067525044,-0.70290434,-0.42103276
16.084,0.03903103,-2.0678933,-2.0329864,16.097,0.16709608,-0.9240376,-0.46501505
16.094,0.8447218,-3.0635204,-1.323305,16.106,0.23978905,-1.094469,-0.47356716
16.104,1.6588478,-3.9425807,-0.32886022,16.122,0.28865826,-1.1427273,-0.4589064
16.114,2.6897736,-4.655566,0.78732467,16.126,0.28682566,-1.0730886,-0.40759373
16.124,3.3947916,-5.1897125,1.7837563,16.137,0.22757174,-0.9063225,-0.29336193
16.134,3.2904596,-5.2708015,2.7427146,16.146,0.14266147,-0.604555,-0.14064562
16.145,2.9680405,-4.755433,4.1307316,16.157,0.05286428,-0.27468777,-0.047183234
16.155,2.7303,-3.5224795,4.7245264,16.167,0.022931881,0.07655974,0.013292424
16.165,2.6526604,-2.3592072,5.0592995,16.177,-0.04365243,0.35572517,0.07926587
16.175,2.237546,-1.6312972,4.5814037,16.186,0.1353311,0.45407447,0.10431135
16.184,2.0654812,-0.80592597,4.1503997,16.196,0.31003854,0.342897,0.11103086
16.194,2.13334,-0.30394262,3.3323588,16.206,0.484746,0.21583702,0.12019384
16.204,2.2769098,0.09375702,2.9835944,16.216,0.59470177,0.12848328,0.12935682
16.215,2.408475,0.15358604,2.6973243,16.227,0.60936254,0.0649533,0.13118942
16.224,2.6066751,0.13577159,2.2886076,16.236,0.53728044,0.04357302,0.13729806
16.235,2.4750357,-0.027648762,1.7689193,16.247,0.4096096,0.07350542,0.15318055
16.245,2.3126068,-0.2359487,2.0438375,16.256,0.2513955,0.18346116,0.16051094
16.255,2.1958933,-0.095578976,2.2910697,16.266,0.102344364,0.34717306,0.1366872
16.264,1.708313,0.056258187,2.404339,16.276,-0.022883011,0.52554566,0.09881356
16.274,0.9769449,0.1571107,2.123845,16.287,-0.11939973,0.65077305,0.06888116
16.284,0.18165207,0.14017507,1.7046734,16.296,-0.1969796,0.7112487,0.03161838
16.294,-0.57562447,0.30299538,1.1230332,16.306,-0.290442,0.7277421,0.009016368
16.304,-1.341588,0.17176321,0.8026123,16.316,-0.3533611,0.7130813,4.6425313E-4
16.314,-2.0960155,-0.051195353,0.5233418,16.327,-0.41994542,0.62084067,0.0010751188
16.326,-2.5841665,-0.04006255,0.22024202,16.336,-0.46820378,0.52676743,0.004129445
16.334,-2.8975663,0.0073731598,-0.083043575,16.347,-0.5091317,0.43574852,0.0016859844
16.344,-3.0209274,0.15931232,-0.29693827,16.356,-0.52806854,0.33984268,-0.014196511
16.354,-2.9279885,0.35049453,-0.3063789,16.366,-0.5207382,0.23538469,-0.042296313
16.364,-2.670547,0.53376555,-0.34858137,16.376,-0.48775145,0.11687684,-0.07467218
16.374,-2.351534,0.5907357,-0.45806,16.386,-0.45659733,0.0020341836,-0.10277197
16.384,-1.9819422,0.55553776,-0.5898311,16.396,-0.4272758,-0.07615657,-0.12903918
16.394,-1.5354319,0.35696492,-0.5577853,16.406,-0.4181128,-0.114641085,-0.1620259
16.404,-1.0117102,0.08280834,-0.42075408,16.416,-0.40528464,-0.117695406,-0.18218446
16.414,-0.6139231,-0.28357026,-0.0647738,16.426,-0.40345207,-0.05416542,-0.17546494
16.425,-0.2915268,-0.7915292,0.32478368,16.436,-0.41872367,0.0509034,-0.14553255
16.434,0.056526184,-1.2426732,0.5040654,16.446,-0.46148425,0.16818953,-0.108269766
16.444,0.1922741,-1.4205145,0.333758,16.456,-0.5054666,0.28730828,-0.100328505
16.454,0.5132122,-1.1894106,0.07544422,16.466,-0.48775145,0.39787486,-0.1320935
16.464,0.6578703,-0.82495886,0.01417762,16.476,-0.42788666,0.46140483,-0.14431082
16.474,0.5317192,-0.5702967,-0.04779464,16.486,-0.3533611,0.492559,-0.13087177
16.484,0.14763832,-0.6819801,-0.14171034,16.496,-0.2886094,0.45773968,-0.08811121
16.494,-0.07688236,-1.0774702,-0.6801491,16.506,-0.23607498,0.3709968,-0.05084843
16.504,-0.3042183,-1.4363874,-1.3749633,16.516,-0.1969796,0.27631268,-0.026413817
16.514,-0.42376328,-1.4665912,-1.8460213,16.529,-0.17376672,0.22255655,0.0029077148
16.529,-1.2270727,-1.806799,-1.954989,16.536,-0.16399288,0.20056538,0.058496453
16.534,-1.4531641,-1.8340272,-1.8680513,16.546,-0.13589308,0.16391347,0.10797654
16.544,-1.5540485,-1.6162633,-1.8290298,16.556,-0.09129992,0.12481809,0.13913067
16.554,-1.6301546,-1.3421053,-1.6722195,16.567,-0.027769933,0.10221608,0.15195884
16.564,-1.7675815,-1.101734,-1.527441,16.576,0.032094862,0.110157326,0.15195884
16.574,-1.8009868,-0.86073536,-1.6057079,16.586,0.101733506,0.11260079,0.1507371
16.584,-1.5806084,-0.65809214,-2.0319455,16.596,0.16648522,0.0967183,0.1403524
16.594,-1.335309,-0.49672,-2.595815,16.606,0.23490213,-0.019956967,0.1366872
16.604,-1.1611481,-0.4335276,-3.182951,16.616,0.23917818,-0.114641085,0.12508076
16.615,-0.9667597,-0.31364277,-3.6358654,16.633,0.21474357,-0.21726644,0.09942442
16.624,-0.7864733,-0.108819276,-3.8923383,16.636,0.17259388,-0.32294613,0.07437895
16.635,-0.8403511,0.06241232,-3.9548032,16.646,0.12983331,-0.4023586,0.055442125
16.645,-0.91133595,0.24082008,-3.747985,16.656,0.09806831,-0.47199723,0.046890013
16.654,-0.77502155,0.36957535,-3.5354245,16.666,0.077298895,-0.5697357,0.036505304
16.664,-0.4968357,0.39126348,-3.288574,16.676,0.06508158,-0.68824357,0.03955963
16.675,-0.30284023,0.3015437,-2.9416187,16.686,0.04980995,-0.83057517,0.07132462
16.685,-0.102947235,0.3531842,-2.6141338,16.696,0.048588224,-0.96740896,0.12019384
16.694,0.26487446,0.5938331,-1.8113282,16.706,0.062027257,-1.1011884,0.17822604
16.705,0.8799715,0.97513014,-0.9107219,16.716,0.113950804,-1.167162,0.22892785
16.715,1.8801336,1.4173595,0.095971495,16.726,0.17259388,-1.1836553,0.26191458
16.725,2.9454832,1.8123133,0.9802789,16.737,0.18908723,-1.1195145,0.25214073
16.735,3.807516,2.032976,1.9437598,16.746,0.10417695,-0.7810951,0.1788369
16.744,4.1002064,1.8257194,3.0501387,16.756,0.040646974,-0.47321898,0.14707191
16.754,3.4112806,0.9678122,4.3177056,16.766,-0.0686979,-0.19283183,0.16234355
16.765,1.9472141,0.13519874,4.827954,16.776,-0.10168463,0.0020341836,0.17333911
16.775,0.74888134,-0.46235624,5.1631284,16.786,-0.10412809,0.0649533,0.17089565
16.784,0.1129694,-0.5791688,4.4555826,16.796,-0.12611924,0.005699374,0.15990008
16.794,0.29326153,0.072202176,3.2014751,16.806,-0.1670472,-0.14884953,0.11713952
16.804,2.438777,1.4294623,0.5079303,16.817,-0.25745526,-0.36143062,0.040170494
16.815,3.5534143,1.5586771,-0.32260585,16.827,-0.38818043,-0.5269751,-0.017861705
16.824,4.307724,1.4416292,-0.10647476,16.839,-0.48775145,-0.6015007,-0.075283036
16.838,4.279834,1.0165775,1.363128,16.846,-0.5018014,-0.568514,-0.10277197
16.845,3.7059746,0.53370005,3.1161265,16.856,-0.47736675,-0.43473446,-0.10521543
16.855,3.0681314,0.329597,4.3477874,16.866,-0.4327736,-0.22398596,-0.09238726
16.865,2.4147844,0.24425007,5.0525775,16.876,-0.38512608,0.0032559112,-0.06062227
16.874,1.822216,0.10939999,5.1666355,16.886,-0.32831562,0.30502334,0.023066267
16.884,1.2105398,-0.088323295,4.5483627,16.897,-0.31060055,0.47240046,0.081709325
16.894,0.63277817,-0.02949351,3.6735213,16.907,-0.2922746,0.58235615,0.113474324
16.905,0.17509747,0.12099546,2.9054203,16.916,-0.26661825,0.63427967,0.12935682
16.915,-0.44326591,0.12684652,2.2683926,16.927,-0.24401623,0.65260565,0.11775038
16.925,-1.0604153,0.17194617,1.665538,16.942,-0.2287446,0.637334,0.08354193
16.934,-1.5877867,0.17814767,1.0363275,16.946,-0.21958162,0.60007125,0.034672707
16.944,-2.0686717,0.110949576,0.50543314,16.956,-0.2024774,0.5371521,-0.0099204555
16.954,-2.5560322,0.01627019,0.17851065,16.966,-0.18231884,0.44674408,-0.045961503
16.964,-2.9724317,-0.058475584,-0.14035365,16.976,-0.16154942,0.33129057,-0.072228715
16.974,-3.1925402,-4.23491E-4,-0.4476415,16.986,-0.12795183,0.1987328,-0.08933294
16.984,-3.293243,0.14644174,-0.48003042,16.997,-0.07908261,0.09244223,-0.09360899
16.995,-3.219635,0.22469285,-0.33846155,17.007,-0.013720033,0.0142514855,-0.08016996
17.005,-2.9058018,0.19826692,-0.118186235,17.017,0.053475145,-0.034006868,-0.0655092
17.015,-2.355204,0.10850072,0.020651162,17.027,0.11028561,-0.049889363,-0.031911604
17.025,-1.85502,-0.05402094,0.17515785,17.036,0.19947194,-0.0352286,0.04566828
17.035,-1.3559742,-0.26446226,0.41348436,17.046,0.2526172,-0.01568091,0.103700474
17.045,-0.7728338,-0.3414844,0.5229174,17.057,0.2703323,0.035020906,0.14218499
17.055,-0.11162853,-0.24523297,0.5284166,17.067,0.26055846,0.123596355,0.18799987
17.065,0.27575397,-0.05934623,0.51940966,17.077,0.2599476,0.20667402,0.20082805
17.075,0.6983547,0.17019057,0.46610186,17.087,0.23062608,0.3251819,0.1751717
17.085,1.0901632,0.87980044,-0.39678982,17.097,0.14449407,0.42169863,0.114696056
17.095,2.0953188,1.1299732,-1.0352741,17.107,0.106620416,0.44185716,0.035283573
17.104,1.8162365,1.0486939,-1.0696411,17.117,0.13227676,0.45590708,-0.022137761
17.115,1.0306435,0.64174926,-1.0993437,17.127,0.15365705,0.50294363,-0.04657237
17.125,0.33232403,0.2898083,-1.4057436,17.137,0.113950804,0.57930183,-0.05512448
17.135,-0.24736214,0.1421613,-1.9033611,17.147,0.04125784,0.65321654,-0.04412891
17.147,-0.6090126,0.2302502,-2.4996068,17.156,-0.066254444,0.68620324,-0.0477941
17.154,-0.72659206,0.47154814,-3.2110395,17.166,-0.18659489,0.6477187,-0.060011405
17.164,-0.9463558,0.7988079,-3.6638985,17.176,-0.3466416,0.5542563,-0.08811121
17.174,-1.0412722,1.295536,-3.8134162,17.186,-0.4431583,0.5231022,-0.10460457
17.184,-1.2536077,1.7821631,-3.7808008,17.196,-0.52867943,0.5011111,-0.12293053
17.194,-1.3900061,2.2641613,-3.7621968,17.206,-0.6087028,0.46323743,-0.15530638
17.204,-1.3929272,2.7405143,-3.9293005,17.216,-0.6826175,0.38260323,-0.20234302
17.215,-1.3952351,3.1279347,-4.1377773,17.226,-0.71499336,0.2653171,-0.24937965
17.225,-1.5741453,3.097979,-3.9011242,17.236,-0.6887261,0.14986357,-0.30130318
17.234,-1.6577339,2.650014,-3.4443893,17.25,-0.63802433,0.030133981,-0.3391768
17.25,-1.8815007,1.8460464,-3.2256951,17.256,-0.6013724,-0.081654355,-0.34345287
17.254,-1.9280124,0.89768654,-3.406772,17.266,-0.5922094,-0.16473202,-0.3165748
17.264,-2.1131234,-0.1016729,-3.5544403,17.276,-0.539675,-0.3339417,-0.25365567
17.274,-2.3767476,-0.8753104,-3.1985512,17.286,-0.42971927,-0.5734009,-0.19989955
17.285,-2.0941596,-1.1425095,-2.5129747,17.296,-0.3112114,-0.7804842,-0.211506
17.294,-1.0843544,-1.3845474,-1.891068,17.306,-0.20125566,-1.0003957,-0.24999051
17.304,-0.17146778,-2.1066122,-1.4372243,17.316,-0.15605164,-1.2881132,-0.288475
17.315,0.75034904,-3.0534894,-1.1422919,17.326,-0.21347296,-1.3388151,-0.29947057
17.324,2.104393,-3.9016385,-0.73040855,17.336,-0.31365487,-1.2649003,-0.27381423
17.334,3.4606514,-4.573078,-0.20758945,17.346,-0.4517104,-1.1708272,-0.20356475
17.345,4.3608465,-4.8263774,0.40839374,17.356,-0.56533134,-1.1017994,-0.10460457
17.355,4.6280766,-4.3651404,1.3634769,17.367,-0.57266176,-1.0016174,-0.012363916
17.364,4.3468323,-2.8851416,3.227764,17.377,-0.63680255,-0.82690996,0.057885587
17.375,3.8185472,-0.24155834,6.762164,17.386,-0.56716394,-0.38158917,0.09820269
17.384,3.860013,0.54299486,8.47341,17.396,-0.3252613,0.053957727,0.09759183
17.394,3.8694534,0.69154024,8.875004,17.406,0.03759265,0.3960423,0.08903971
17.404,3.3872738,-0.15701076,8.932555,17.416,0.43709853,0.5499803,0.10736567
17.414,2.5724115,-1.1854837,7.652373,17.426,0.7914004,0.6440535,0.15623489
17.424,2.2834997,-2.14519,6.070124,17.436,1.0314704,0.6422209,0.20571497
17.434,1.9543056,-3.0255048,3.842398,17.447,1.074231,0.5444825,0.2564168
17.444,1.5484695,-3.488251,1.6059247,17.457,0.77429616,0.33495575,0.32361197
17.456,1.0732279,-3.3031201,-0.018308401,17.467,0.43098986,0.23416297,0.32361197
17.464,0.7209196,-2.5085669,-0.5742221,17.476,0.08401841,0.19201326,0.2637472
17.475,0.7144718,-1.2993294,-0.68029284,17.486,-0.24829228,0.1407006,0.17822604
17.485,0.6414051,0.06460722,-1.0818828,17.496,-0.54883796,0.071061954,0.062161643
17.494,0.8877382,1.1164777,-1.1281606,17.506,-0.73026496,0.0026450455,-0.035576794
17.505,0.89408684,2.1016054,-0.45491937,17.516,-0.84144247,-0.034006868,-0.09483072
17.515,0.8329153,2.6798453,0.016363692,17.526,-0.8701531,0.015473217,-0.12109794
17.525,0.59902763,2.9811177,0.87561494,17.536,-0.8273925,0.12603982,-0.11315669
17.535,0.14343834,2.943273,1.6516316,17.546,-0.7522561,0.25187808,-0.09483072
17.545,-0.3852234,2.7065375,2.042343,17.559,-0.6655132,0.38199237,-0.06428747
17.558,-1.0752935,2.3217728,2.3182297,17.566,-0.56838566,0.4760656,-0.052681025
17.564,-1.6354904,1.8194311,2.3088977,17.576,-0.4553756,0.5218805,-0.04901583
17.574,-2.182928,1.148841,2.1143725,17.586,-0.35213938,0.5334869,-0.038631123
17.584,-2.6420884,0.3485273,1.7459178,17.596,-0.2641748,0.48706117,-0.03496593
17.594,-2.8035402,-0.42190325,1.1433505,17.606,-0.15544076,0.42841813,-0.03252247
17.604,-2.8820887,-1.0521176,0.45457277,17.617,-0.10290636,0.35206,-0.03130074
17.614,-2.8709998,-1.5255498,-0.23234394,17.626,-0.06686531,0.27203664,-0.030689873
17.624,-2.7106814,-1.7945893,-0.84336686,17.636,-0.03998724,0.17124385,-0.02091603
17.634,-2.61195,-2.0411417,-1.207247,17.646,-0.030824259,0.072283685,-0.019694299
17.644,-2.212153,-2.1262972,-1.4450912,17.657,-0.049761083,0.008753698,-0.018472567
17.656,-1.2707844,-1.7818768,-1.3072107,17.666,-0.08458041,-0.034617733,-0.029468141
17.664,-0.7728367,-1.5217315,-1.1267601,17.676,-0.10901502,-0.07065878,-0.03496593
17.674,-0.2619772,-1.5002702,-0.4949802,17.686,-0.1145128,-0.08409782,-0.052681025
17.684,0.30021286,-1.210633,-0.16331714,17.696,-0.10107376,-0.066993594,-0.07039611
17.694,0.7031441,-1.0786103,-0.04441309,17.706,-0.10718241,0.0032559112,-0.061233137
17.704,1.1457129,-0.8442721,0.31060034,17.716,-0.07908261,0.11748771,-0.048404966
17.714,1.624609,-0.5270584,0.27588093,17.726,-0.027159069,0.18956982,-0.036798526
17.724,1.6779594,-0.2917562,0.028654456,17.736,0.043090437,0.2494346,-0.022748627
17.734,1.3917494,-0.21329145,0.010032177,17.746,0.20558059,0.3410644,-0.017861705
17.744,0.8473549,-0.33363312,-0.14489362,17.762,0.31003854,0.41558996,0.005962041
17.754,0.101242065,-0.5347686,-0.62544894,17.767,0.376012,0.48400685,0.030396651
17.765,-0.085336685,-0.9303016,-1.5821717,17.776,0.40838787,0.50905234,0.051776934
17.775,-0.37338638,-1.4337311,-2.5737498,17.786,0.4022792,0.47911993,0.079876736
17.785,-0.85456276,-1.7706798,-3.4679444,17.796,0.37234682,0.3905445,0.113474324
17.794,-1.4274702,-1.8350259,-4.061198,17.806,0.33691663,0.247602,0.1629544
17.804,-2.0050983,-1.7079616,-4.3753324,17.816,0.31370375,0.06067725,0.22953872
17.814,-2.5145707,-1.4187565,-4.3481236,17.826,0.3075951,-0.14335175,0.29123613
17.824,-2.8468266,-0.89939225,-3.8544989,17.836,0.33325142,-0.3088962,0.33094236
17.834,-2.9283843,-0.11121026,-2.8897276,17.846,0.3705142,-0.42068455,0.35354438
17.844,-2.972838,0.63144934,-1.8134091,17.856,0.40899873,-0.46100166,0.36270735
17.854,-2.6971674,1.2297797,-0.902019,17.866,0.45359188,-0.43106925,0.3425488
17.864,-2.1489997,1.6800864,-0.103144154,17.876,0.49635243,-0.3070636,0.29917738
17.874,-1.4529314,1.9331098,0.41202596,17.886,0.5317826,-0.04683504,0.20754758
17.884,-0.7982178,1.8499408,0.29372865,17.897,0.5293392,0.06739676,0.12569162
17.895,-0.19850254,1.6496964,-0.31686932,17.907,0.5342261,0.11321165,0.046890013
17.904,0.13024235,1.4199121,-1.1291326,17.917,0.53361523,0.063731566,-0.026413817
17.915,0.3111725,1.1304276,-1.9798318,17.927,0.5079589,-0.08409782,-0.09238726
17.925,0.38970375,0.7268524,-2.8265877,17.937,0.47680476,-0.31867006,-0.11437842
17.935,0.36728573,0.20016539,-3.4158313,17.947,0.45420274,-0.61371803,-0.09238726
17.945,0.43721008,-0.4197873,-2.9544678,17.956,0.42732468,-0.89838123,-0.023970354
17.955,1.1771355,-0.17148936,-2.2603579,17.967,0.41022044,-1.0926363,0.06338337
17.966,2.1725016,0.26087564,-1.1344634,17.977,0.4004466,-1.211755,0.17639343
17.974,3.3422556,0.83700585,0.32101417,17.987,0.4004466,-1.2001486,0.27840796
17.984,4.5907507,1.6652715,1.9150381,17.997,0.36440557,-0.9796263,0.3199468
17.995,5.3643045,1.8063085,4.0864654,18.006,0.385175,-0.6210484,0.3022317
18.005,4.721734,1.280874,6.296791,18.017,0.45053756,-0.260027,0.28512746
18.015,3.4213095,0.92172027,7.312708,18.026,0.50490457,0.26653886,0.26557976
18.024,2.4604034,0.7628616,7.0854626,18.036,0.51773274,0.4778982,0.21976487
18.034,2.0734787,0.68285453,5.9467545,18.047,0.50490457,0.5408173,0.14157413
18.044,2.0081854,0.87079704,4.2062626,18.056,0.41571823,0.50966316,0.04872261
18.054,2.235568,1.1192796,2.1796722,18.07,0.24711943,0.3868793,-0.03618766
18.069,2.44456,1.2231989,0.26263037,18.077,0.014379768,0.21400441,-0.11437842
18.075,2.6661234,1.3068323,-1.0146494,18.086,-0.19759047,0.07472715,-0.16508023
18.084,2.5648298,1.159161,-0.8220482,18.096,-0.3093788,-0.018124372,-0.18523878
18.094,2.4146013,1.0572429,0.38825816,18.107,-0.3197635,-0.070047915,-0.21028426
18.104,2.2632532,1.0239882,1.8820091,18.117,-0.28066814,-0.040726386,-0.23410802
18.114,2.1023197,0.9455998,3.1974387,18.127,-0.22752286,0.1193203,-0.24937965
18.125,1.7415543,0.87777215,4.323104,18.137,-0.15605164,0.35755777,-0.22983195
18.135,1.0040951,0.594495,4.918166,18.146,-0.06686531,0.5725823,-0.1937909
18.144,0.2879572,0.29821166,4.576919,18.156,0.050420817,0.7149139,-0.15958245
18.154,-0.5343504,-0.00992167,3.9630578,18.172,0.26116934,0.7821091,-0.121708795
18.164,-1.2721243,-0.2837687,3.1373487,18.177,0.40716612,0.7289638,-0.11193496
18.175,-1.9276419,-0.56048167,2.251276,18.187,0.5262849,0.6269493,-0.1094915
18.185,-2.4408655,-0.8128438,1.3553175,18.197,0.6203581,0.49683502,-0.110102355
18.194,-2.8255243,-1.1304867,0.41739362,18.206,0.68266636,0.35572517,-0.110102355
18.205,-3.094473,-1.3884032,-0.3533049,18.217,0.7132096,0.18468289,-0.09116553
18.214,-3.3373404,-1.5946243,-0.95676005,18.226,0.724816,-0.01690264,-0.053902756
18.225,-3.0508265,-1.428582,-1.7724626,18.236,0.738866,-0.23925759,-0.013585646
18.235,-2.3678923,-0.99962807,-1.3836551,18.246,0.7639114,-0.38769785,0.022455402
18.245,-1.8367677,-0.6277596,-0.7168325,18.256,0.77429616,-0.44511917,0.067048565
18.254,-1.1919718,-0.16620472,-0.09023559,18.266,0.774907,-0.4463409,0.10736567
18.264,-0.55346775,0.32543373,0.41964114,18.276,0.7596354,-0.39441735,0.14646104
18.274,0.06967926,0.8208374,0.8107617,18.286,0.7242052,-0.28568333,0.17272826
18.284,0.6767254,1.3180499,1.1120471,18.296,0.68266636,-0.13296704,0.17394999
18.294,1.1244173,1.7421415,1.2723861,18.306,0.6166929,0.14314406,0.14218499
18.304,1.3506422,1.9999142,1.194356,18.317,0.57148886,0.29830384,0.10431135
18.315,1.4039783,2.0847101,0.8412217,18.327,0.5268957,0.40887046,0.0646051
18.325,1.0549297,1.9702158,0.44034725,18.336,0.50551546,0.4626266,0.0053511756
18.334,0.8790436,1.7663773,0.11449444,18.346,0.52261966,0.5053871,-0.007476995
18.345,-0.080470085,1.1298119,0.1872037,18.357,0.5268957,0.5408173,-1.4661066E-4
18.355,-0.58216953,0.61235946,-0.19942546,18.367,0.47802648,0.5463151,0.0035185795
18.365,-0.68480015,0.23118806,-1.0712428,18.378,0.41877258,0.50660884,0.020011941
18.377,-0.8244705,-0.17773995,-1.564256,18.387,0.35585344,0.42780727,0.02917492
18.384,-0.8400936,-0.4118807,-2.014304,18.396,0.28316048,0.32823622,0.023677133
18.394,-0.7265339,-0.5071271,-2.4569817,18.407,0.22207396,0.20667402,0.0077946363
18.404,-0.54897785,-0.49563807,-2.6531022,18.416,0.19947194,0.13031588,-0.007476995
18.414,-0.5230875,-0.397434,-2.327752,18.426,0.21046752,0.11565511,-0.019694299
18.425,-0.5797329,-0.25389645,-1.875255,18.436,0.22024135,0.12237464,-0.026413817
18.435,-0.5278177,-0.034710944,-1.844408,18.446,0.20802405,0.20300885,-0.02885728
18.444,-0.51797676,0.18449031,-1.9830496,18.457,0.14693753,0.26653886,-0.030079007
18.454,-0.33291912,0.5277572,-2.3469663,18.466,0.078520626,0.3355666,-0.0337442
18.464,-0.45043468,0.79045653,-2.7446675,18.48,-0.0070005152,0.37527287,-0.041685447
18.48,-0.40380096,1.1833833,-3.378395,18.487,-0.0827478,0.36122295,-0.055735346
18.484,-0.62907314,1.5785043,-3.8132038,18.497,-0.13833654,0.28425393,-0.06795265
18.495,-1.0275164,1.8849835,-4.088408,18.506,-0.18659489,0.17063299,-0.08444601
18.505,-1.7960029,2.1406405,-4.488818,18.517,-0.23668584,0.030133981,-0.10155024
18.515,-2.0212073,1.9857793,-4.3989925,18.526,-0.2757812,-0.12441492,-0.107048035
18.524,-2.2452264,1.6528682,-4.1745543,18.536,-0.313044,-0.23925759,-0.11254582
18.534,-2.243792,1.2665973,-3.8482566,18.546,-0.33136997,-0.3412721,-0.118654475
18.544,-2.2171826,0.82485014,-3.3900137,18.556,-0.29960495,-0.4567256,-0.10338284
18.554,-2.2893853,0.3741387,-2.6835923,18.566,-0.22996633,-0.55690753,-0.086889476
18.564,-1.6102209,0.22551234,-2.1730444,18.577,-0.13650395,-0.6900762,-0.11193496
18.574,-0.8186884,-0.0060579777,-1.7120757,18.587,-0.025937337,-0.8379055,-0.15164119
18.587,-0.017593384,-0.50010496,-1.353997,18.597,0.044312164,-1.0358258,-0.2041756
18.594,0.89494324,-1.2097659,-0.9503987,18.606,-0.004557054,-1.0614822,-0.26098606
18.604,2.257948,-2.0577354,-0.41919163,18.616,-0.094965115,-1.0413237,-0.3165748
18.614,3.3652515,-3.050716,0.31902504,18.627,-0.19026008,-0.95335907,-0.342842
18.625,4.082345,-3.8892994,1.4992162,18.637,-0.28433332,-0.754217,-0.35139412
18.634,4.493431,-4.148897,2.746921,18.646,-0.3796283,-0.48910147,-0.30802268
18.644,4.117463,-3.6756196,3.5367837,18.656,-0.46148425,-0.2807964,-0.24693619
18.655,3.4923887,-2.388969,3.8912663,18.667,-0.5415076,-0.20260568,-0.13942389
18.664,2.9451542,-1.771981,3.0949407,18.676,-0.53112286,-0.08776301,-0.03618766
18.674,2.6197634,-1.1116493,4.413103,18.686,-0.40894985,-0.010793988,0.067048565
18.684,2.3642273,-0.54794925,4.587507,18.696,-0.2110295,0.15902655,0.14768277
18.694,2.6852512,-0.023765191,5.283163,18.706,0.04492303,0.35267085,0.19410853
18.704,2.9663963,0.10379881,5.3292284,18.716,0.31675807,0.48767206,0.21487795
18.714,3.048936,-0.30102733,5.04007,18.726,0.5586607,0.5676954,0.21365622
18.724,2.9060125,-1.0596672,4.5018983,18.736,0.73153555,0.5866322,0.24297775
18.734,2.481762,-1.9494525,3.5381608,18.746,0.6851098,0.5389847,0.27046672
18.744,1.9989624,-2.5597641,2.4467573,18.756,0.53300434,0.46201572,0.3003991
18.754,1.3915892,-2.794993,1.4956816,18.767,0.30820596,0.4131465,0.32422283
18.764,0.6809015,-2.572406,0.9315432,18.776,0.082185805,0.397264,0.32177937
18.775,0.12300968,-1.9884706,0.70571667,18.79,-0.10229549,0.3795489,0.28879267
18.789,-0.31949615,-1.1813359,0.6465157,18.796,-0.2690617,0.3178515,0.23198217
18.795,-0.948596,0.37723935,-0.36012042,18.807,-0.4590408,0.20484143,0.17944777
18.805,-1.2743788,1.1271535,-0.52142394,18.817,-0.60503757,0.12115291,0.12935682
18.815,-1.3941479,1.7445892,-0.35555822,18.827,-0.71438247,0.04357302,0.063994244
18.825,-1.4836359,2.2139094,-0.05290681,18.836,-0.76752776,-0.005907066,0.004740311
18.835,-1.6552753,2.4053648,0.4460715,18.847,-0.7785233,-0.0071287975,-0.0477941
18.844,-1.7747555,2.376396,0.87308866,18.856,-0.75164527,0.015473217,-0.098495916
18.854,-1.8955364,2.0662937,1.2126117,18.866,-0.7015543,0.045405615,-0.14308909
18.865,-1.8402123,1.5433462,1.165051,18.877,-0.61786574,0.055179458,-0.21517119
18.874,-1.6841211,0.84799397,0.84598726,18.892,-0.58976597,0.03746437,-0.2512122
18.884,-1.4945774,0.11263855,0.3501262,18.896,-0.5903768,0.017916676,-0.28175548
18.894,-1.152072,-0.46859893,-0.14329028,18.906,-0.594042,-0.008961391,-0.30924442
18.905,-0.78472996,-0.9749997,-0.4727245,18.916,-0.5964855,-0.044391576,-0.31962913
18.914,-0.48832893,-1.4427514,-0.8326643,18.927,-0.58304644,-0.09814772,-0.30619007
18.924,-0.20771503,-1.8902979,-0.974,18.936,-0.5598336,-0.1476278,-0.26342952
18.935,0.0019464493,-2.1434414,-0.91745275,18.946,-0.5628879,-0.14823867,-0.19623436
18.944,0.16943169,-2.2507112,-0.73861706,18.956,-0.58426815,-0.07798916,-0.13331524
18.955,0.2831812,-2.1181653,-0.24106386,18.966,-0.58243555,0.020360138,-0.08261342
18.965,0.17491817,-2.0011206,0.29649752,18.976,-0.56777483,0.1352028,-0.033133335
18.974,0.11538124,-1.8243825,0.5559499,18.986,-0.539675,0.24210422,0.004129445
18.984,0.10826397,-1.62415,0.5671552,18.997,-0.5213491,0.3166298,0.009627232
18.995,-0.06317043,-1.4015968,0.444184,19.007,-0.48408628,0.38993362,-1.4661066E-4
19.005,-0.19566536,-1.0606906,0.28164017,19.017,-0.41261503,0.4345268,-0.016639974
19.015,-0.25936413,-0.93356997,-0.03418517,19.026,-0.35885888,0.39359882,-0.020305164
19.025,-0.44483185,-0.9116489,-0.48567224,19.036,-0.31365487,0.30319077,-0.012363916
19.035,-0.68215466,-0.9341146,-0.96897477,19.046,-0.26783997,0.17979597,0.0029077148
19.044,-0.92869854,-0.95715487,-1.3054653,19.057,-0.23485325,0.059455518,0.014514154
19.054,-1.002883,-0.88065684,-1.5573318,19.066,-0.22324681,-0.026676485,0.02917492
19.064,-1.0651217,-0.86394536,-1.6710241,19.076,-0.22446854,-0.048056766,0.04078136
19.074,-1.0838804,-0.93760026,-1.5070261,19.086,-0.2250794,-0.017513506,0.058496453
19.084,-1.2105589,-1.169114,-1.4572084,19.1,-0.21408384,0.04357302,0.088428855
19.099,-1.16819,-1.2606065,-1.646797,19.106,-0.20614257,0.10832474,0.115306914
19.105,-1.2223673,-1.3584704,-2.1577976,19.116,-0.2073643,0.1407006,0.13913067
19.114,-1.2485886,-1.3739614,-2.7107613,19.126,-0.20919691,0.10099435,0.15806748
19.124,-1.3560381,-1.2824736,-3.0018473,19.136,-0.19209269,-0.010183122,0.164787
19.134,-1.4243021,-1.1071002,-2.9863603,19.146,-0.16582547,-0.13296704,0.15501316
19.144,-1.482441,-0.8923411,-2.7956433,19.156,-0.13222788,-0.24475539,0.12080471
19.154,-1.4525862,-0.6412044,-2.3948002,19.166,-0.05892406,-0.34005034,0.08903971
19.164,-1.3297787,-0.39938223,-1.8862264,19.177,0.023542747,-0.3498242,0.050555203
19.174,-0.98443604,-0.22232789,-1.3277298,19.186,0.1353311,-0.29912236,0.010238098
19.185,-0.6136694,-0.16082859,-0.90374327,19.201,0.26300192,-0.2496423,-0.027635548
19.2,-0.34547615,-0.22553688,-0.8623171,19.206,0.38028806,-0.24536625,-0.052681025
19.204,-0.2123127,-0.5335691,-1.1283406,19.217,0.4761939,-0.29118112,-0.050237563
19.215,-0.1544056,-0.92233753,-1.513274,19.227,0.5275066,-0.34676987,-0.013585646
19.225,-0.09497833,-1.2726164,-1.8662218,19.236,0.5446108,-0.42068455,0.051776934
19.234,0.0046453476,-1.4167168,-2.0077076,19.246,0.5611042,-0.52514255,0.14768277
19.245,0.19142532,-1.362679,-1.8560073,19.256,0.5659911,-0.64853734,0.24908641
19.254,0.6571827,-0.9886285,-1.606175,19.266,0.53544784,-0.76948863,0.31200555
19.264,1.5263882,-0.23684013,-1.3256817,19.276,0.45298102,-0.84890115,0.31567073
19.274,2.59762,0.75898886,-0.97768134,19.286,0.3143146,-0.8391273,0.27474275
19.284,3.6142292,1.8403692,-0.3064099,19.297,0.17686993,-0.68335664,0.13180028
19.295,4.4224977,2.7412388,0.65858257,19.306,0.06447072,-0.52514255,-0.001368342
19.304,4.679305,3.272656,2.0014825,19.316,0.044312164,-0.3620415,-0.097274184
19.314,3.8392534,3.2737386,3.3094811,19.326,0.046755627,-0.20016222,-0.1461434
19.325,2.403699,3.0393453,4.225769,19.337,0.012547173,0.0020341836,-0.1534738
19.335,1.1483288,2.7602181,4.5350547,19.347,-0.00883311,0.22927605,-0.13148265
19.345,0.41722584,2.6027222,4.2183256,19.357,-0.019828685,0.33923182,-0.107048035
19.355,0.5498915,2.8482609,1.8692987,19.367,-0.06991963,0.29280606,-0.085056886
19.365,1.063631,2.9776254,0.097265616,19.377,-0.16949067,0.12603982,-0.07650477
19.374,1.8740692,2.9194283,-1.0751204,19.387,-0.28738767,-0.10975416,-0.10643716
19.385,2.5371447,2.6651564,-1.0878882,19.396,-0.35885888,-0.32783303,-0.16874543
19.394,2.71741,2.1467433,0.039516598,19.408,-0.35885888,-0.47932762,-0.22616675
19.407,2.7258883,1.3212767,1.7765391,19.416,-0.2989941,-0.5117035,-0.2780903
19.414,2.664236,0.5498682,3.45533,19.427,-0.23057719,-0.39747167,-0.29763797
19.424,2.490219,-0.08282092,4.7413974,19.437,-0.17559932,-0.1494604,-0.28542066
19.434,2.0262642,-0.56654227,5.464398,19.447,-0.111458465,0.32396019,-0.18279533
19.445,1.3103676,-0.84810936,5.4990854,19.457,-0.07236309,0.57685834,-0.09910679
19.455,0.57842827,-0.9398674,4.819582,19.466,-0.018606955,0.7277421,-0.029468141
19.465,-0.0916214,-0.8245634,3.7502458,19.476,0.023542747,0.7680592,0.024287999
19.475,-0.69548035,-0.62566113,2.5472488,19.488,0.055918604,0.76011795,0.054220397
19.484,-1.0498047,-0.47731328,1.5729309,19.497,0.08401841,0.6923119,0.05910732
19.495,-1.3499565,-0.15197423,0.73664665,19.512,0.09745744,0.57991266,0.04750088
19.511,-1.4959993,0.1480775,-0.077371985,19.516,0.09623571,0.4583505,0.034672707
19.514,-1.6326876,0.32135844,-0.5212071,19.526,0.101733506,0.3251819,0.024287999
19.524,-1.7937946,0.40193802,-0.689277,19.548,0.13227676,0.08083579,0.040170494
19.549,-1.4304647,0.8109306,-0.013244092,19.549,0.15548964,0.035631772,0.049944337
19.546,-1.8287401,0.50864977,-0.7171318,19.556,0.18236771,0.0026450455,0.05910732
19.564,-1.0214787,1.0904534,0.31556642,19.566,0.24773028,-0.036450326,0.07254635
19.574,-0.425107,1.3037223,0.66215515,19.576,0.3143146,-0.037672058,0.05727472
19.584,0.1006155,1.2458158,0.9759289,19.587,0.43098986,0.060066383,-0.019694299
19.595,0.30715466,0.7949764,1.1505518,19.596,0.51406753,0.15658309,-0.049626697
19.605,0.11805916,0.21536767,1.0140291,19.606,0.5678237,0.279367,-0.043518044
19.614,-0.19107819,-0.22508799,0.6300527,19.616,0.5867605,0.39970747,-0.006866129
19.624,-0.40233612,-0.49092942,-0.06057048,19.626,0.53483695,0.51027405,0.02673146
19.634,-0.37211132,-0.47508305,-1.1602222,19.636,0.4566462,0.50966316,0.03711617
19.644,-0.7439966,-0.514744,-2.3135962,19.646,0.38884017,0.43330505,0.043835685
19.654,-1.3572416,-0.5788672,-2.2101264,19.656,0.34485787,0.3325123,0.07193549
19.664,-1.1805353,-0.18805736,-2.6064286,19.666,0.29598865,0.23233037,0.09575923
19.674,-1.0293407,0.34336922,-2.6527965,19.676,0.20130454,0.15658309,0.0908723
19.685,-0.5489998,0.834021,-2.261967,19.687,0.11272907,0.08999877,0.08720712
19.695,-0.48477268,1.2589436,-1.5332792,19.697,0.045533895,0.061898973,0.062161643
19.705,-0.50456905,1.3434774,-1.1597826,19.706,-0.002113593,0.09488569,0.056663856
19.715,-0.37318134,1.453537,-1.0064193,19.716,-0.07969348,0.18895894,0.06949203
19.724,-0.06024456,1.608886,-1.0207283,19.726,-0.18048625,0.37466198,0.0963701
19.734,0.3090496,1.7945237,-1.3345617,19.736,-0.21347296,0.46201572,0.09881356
19.745,0.4908533,1.8634491,-1.7141496,19.746,-0.20369913,0.5011111,0.0823202
19.754,0.53022003,1.8284649,-2.4162662,19.756,-0.19148181,0.5017219,0.04566828
19.765,0.23160362,1.6413693,-3.237287,19.766,-0.21041864,0.47362217,0.004740311
19.774,-0.17795372,1.3321232,-3.9138837,19.776,-0.24768142,0.4009292,-0.023970354
19.784,-0.70129776,1.0464462,-4.385358,19.786,-0.30143756,0.30196902,-0.0477941
19.794,-1.2271423,0.80347854,-4.6860743,19.796,-0.3637458,0.19445673,-0.06428747
19.804,-1.7829375,0.6100173,-4.7469234,19.806,-0.4358279,0.10404867,-0.06428747
19.819,-2.1024747,0.60623455,-4.731201,19.819,-0.5060774,-0.007739663,-0.08139169
19.824,-2.4022012,0.6020879,-4.3560777,19.827,-0.53051203,-0.10853243,-0.098495916
19.834,-2.5080495,0.5919509,-3.9294753,19.836,-0.4993579,-0.21482298,-0.1180436
19.844,-2.5201073,0.62592596,-3.3862529,19.846,-0.38940215,-0.35654372,-0.12598486
19.855,-2.1113887,0.6630787,-2.6962633,19.856,-0.19820133,-0.5086492,-0.14125648
19.864,-1.3436966,0.4680755,-2.115777,19.866,0.049199086,-0.6577003,-0.24754705
19.874,-0.48598385,-0.12822102,-2.2059286,19.876,0.33569488,-0.86967057,-0.32634863
19.884,0.1831932,-0.96803343,-2.3384209,19.887,0.41755083,-1.00345,-0.37949392
19.895,0.8618374,-1.9120717,-2.270947,19.896,0.42793554,-1.1567773,-0.41431323
19.905,1.64956,-2.7991598,-1.6163071,19.907,0.41877258,-1.3339281,-0.43996957
19.914,2.2809248,-3.5686395,-0.46526366,19.922,0.39250535,-1.4725945,-0.428974
19.924,2.4131107,-3.818686,2.5166485,19.927,0.29110172,-1.488477,-0.34406373
19.934,2.6967125,-2.5373075,5.1001654,19.936,0.18358944,-1.2820046,-0.17913014
19.945,2.864581,-1.250912,6.1571913,19.947,0.09806831,-0.9417526,-0.04473977
19.955,3.6230555,0.62821406,7.8547683,19.957,0.09318139,-0.40785637,0.07132462
19.965,3.6940937,1.8031185,7.5109005,19.966,0.25933674,0.095496565,0.081709325
19.974,3.470542,1.636614,6.0903068,19.976,0.47130698,0.38077065,0.05483126
19.984,3.1725245,1.3782012,3.6350055,19.986,0.6203581,0.5395956,0.016957615
19.994,2.9215813,0.8163266,1.9292765,19.997,0.6820555,0.5878539,-0.01725084
20.004,2.255292,-0.088720776,1.5484154,20.006,0.6350189,0.48522863,-0.055735346
20.014,1.8565817,-1.1999288,1.7120225,20.016,0.60508645,0.3447296,-0.0655092
20.024,1.4269915,-2.0468376,1.926563,20.026,0.53544784,0.2726475,-0.04473977
20.034,0.8903856,-2.632874,2.4001725,20.036,0.4377094,0.25615415,0.013292424
20.044,0.43192768,-2.7669487,2.9720426,20.046,0.3582969,0.28608653,0.081709325
20.054,0.123402596,-2.4650826,3.3401036,20.056,0.3161472,0.34595132,0.15012623
20.064,-0.31632996,-1.9647596,3.3099582,20.066,0.2953778,0.4601831,0.21121275
20.074,-0.55779076,-1.3213747,2.7214189,20.076,0.27460837,0.5756366,0.2576385
20.084,-0.8065386,-0.62320673,1.0642285,20.087,0.12983331,0.61045593,0.25580594
20.095,-1.0302286,0.16988048,0.47698504,20.096,0.036981784,0.6080125,0.23747997
20.105,-0.7504444,1.0481296,-0.58690846,20.107,-0.05220454,0.52432394,0.1702848
20.115,-0.6287699,1.8127755,-1.3392221,20.117,-0.13589308,0.38565758,0.06888116
20.126,-0.47649574,2.3462052,-1.6616256,20.127,-0.18781662,0.20545231,-0.041685447
20.134,-0.38966656,2.4337933,-1.5376463,20.137,-0.18903835,-0.023622159,-0.12965004
20.145,-0.38766575,2.2570212,-1.0998188,20.146,-0.18720576,-0.22215337,-0.18401705
20.155,-0.4414425,1.7323121,-0.0514777,20.156,-0.18170798,-0.3302765,-0.20356475
20.165,-0.40558243,1.0810258,0.80070794,20.167,-0.20003393,-0.2972898,-0.18462792
20.175,-0.24124146,0.30543667,1.6608588,20.177,-0.21958162,-0.14335175,-0.16080417
20.185,-0.076233864,-0.42939416,2.3928409,20.187,-0.23363152,0.07778147,-0.12537399
20.195,0.022568703,-1.0392516,2.7161107,20.196,-0.23424238,0.32945797,-0.085667744
20.205,-0.06320858,-1.481875,1.9484148,20.207,-0.23302065,0.519437,-0.043518044
20.215,-0.46638203,-1.836878,1.500037,20.217,-0.22019248,0.6306145,-0.005033534
20.228,-0.7644386,-1.7976553,1.0210557,20.229,-0.20369913,0.70758355,0.027342323
20.235,-1.0877953,-1.7912563,0.92779523,20.236,-0.17621018,0.75767446,0.04872261
20.245,-1.2475863,-1.7162849,-0.23433834,20.246,-0.15605164,0.75278753,0.06765943
20.255,-1.2716436,-1.4984533,-0.6093144,20.256,-0.14016913,0.7118596,0.088428855
20.264,-1.0191727,-1.2093705,-1.1479788,20.266,-0.08458041,0.6458861,0.089650586
20.274,-0.94908905,-1.1139567,-1.8956752,20.276,-0.02960253,0.51210666,0.07560068
20.284,-0.66139984,-0.8840917,-2.520524,20.287,-0.005778785,0.33862093,0.063994244
20.294,-0.4931202,-0.4545073,-2.5985336,20.296,-0.01799609,0.04174042,0.04078136
20.304,-0.40457726,0.054238074,-2.1243906,20.306,-0.02960253,-0.082876086,0.03284011
20.314,0.013184547,0.42451543,-1.6639497,20.316,-0.03571118,-0.09509339,0.0151250195
20.324,0.18794918,0.50013596,-1.2705975,20.331,-0.049150217,-0.03156341,-0.001368342
20.334,0.26644802,0.46412557,-1.0097165,20.336,-0.055869736,0.08022493,-0.027635548
20.345,0.013123512,0.41806352,-1.0215976,20.346,-0.06442185,0.19934365,-0.06734179
20.355,-0.6067543,0.22023441,-1.0108552,20.356,-0.04487416,0.31540805,-0.10093938
20.364,-1.1624537,0.01655367,-1.5610592,20.366,-0.021661282,0.37710544,-0.12659572
20.375,-1.5327597,-0.14952275,-2.5081835,20.377,-0.025937337,0.36305556,-0.14797601
20.385,-2.051332,-0.22440673,-3.2233992,20.386,-0.045485027,0.29219517,-0.16935629
20.395,-2.4215546,-0.13797261,-3.814971,20.396,-0.08946732,0.19751106,-0.19989955
20.405,-2.8243446,0.04029022,-4.0947876,20.406,-0.14200173,0.08633359,-0.23838405
20.414,-3.2942843,0.1333011,-4.0766172,20.416,-0.19392528,-0.0352286,-0.29030758
20.424,-3.491087,0.25657997,-3.9355655,20.427,-0.22935545,-0.16228858,-0.33123556
20.434,-3.3412695,0.2673235,-3.8590946,20.436,-0.22141421,-0.45244956,-0.3410094
20.444,-2.7947454,0.17965221,-3.6125202,20.446,-0.16032769,-0.7755973,-0.29824883
20.454,-1.9641938,0.120589785,-3.2650428,20.456,-0.085191265,-1.1207361,-0.22127983
20.464,-0.7824354,0.020648818,-2.305043,20.466,0.017434094,-1.4237254,-0.12109794
20.474,0.5604086,-0.041821375,-0.887835,20.476,0.14815927,-1.633863,0.018790212
20.484,2.1236591,0.055210724,0.5024135,20.486,0.22268482,-1.7328231,0.1666196
20.494,4.76982,0.66256666,2.5525253,20.496,0.17686993,-1.6821213,0.28207314
20.504,5.0290213,1.0596336,3.9292269,20.506,0.014379768,-1.411508,0.33277497
20.514,4.655037,1.6046383,4.9129767,20.516,-0.21225123,-0.93992007,0.32177937
20.524,4.46076,2.4940395,5.083904,20.526,-0.40345207,-0.4567256,0.25519505
20.534,3.7992573,2.8979206,4.984947,20.536,-0.5451728,-0.11586282,0.15623489
20.544,2.5853996,2.6368732,3.8591902,20.546,-0.5757161,0.1810177,0.0664377
20.554,1.2416439,2.2657936,2.425231,20.556,-0.6117571,0.38443583,0.023677133
20.564,-0.08954239,1.7234546,1.5390503,20.566,-0.680174,0.54203904,0.004740311
20.574,-1.103364,1.1355952,0.7004501,20.576,-0.7382062,0.5585324,-0.061233137
20.584,-1.7833652,0.38589257,0.1316238,20.586,-0.76752776,0.40154007,-0.14125648
20.594,-2.1935534,-0.41486531,-0.22308746,20.596,-0.7913515,0.105881274,-0.21822551
20.604,-2.197476,-0.8992995,-0.75073075,20.606,-0.8805378,-0.22826202,-0.22433417
20.614,-1.0496521,-0.8865654,-1.3252732,20.619,-0.9831632,-0.59661376,-0.1498086
20.624,1.3421574,-0.29788637,-1.5902789,20.626,-1.0210369,-1.035215,-0.018472567
20.634,4.6315365,0.56120974,-0.81237733,20.636,-0.9678915,-1.5049704,0.12508076
20.644,7.213168,1.6200521,2.1678796,20.646,-0.88725734,-1.6240891,0.17761517
20.654,7.959674,1.9824793,6.833922,20.656,-0.7876863,-1.2380223,0.1226373
